 11.000000  16.000000        9
 11.000000  17.000000       15
 11.000000  18.000000       15
 11.000000  19.000000       15
 11.000000  20.000000       15
 11.000000  21.000000       15
 11.000000  22.000000       15
 11.000000  23.000000       21
 11.000000  24.000000       69
 12.000000  13.000000       13
 12.000000  14.000000        9
 12.000000  15.000000        9
 12.000000  16.000000        9
 12.000000  17.000000        9
 12.000000  18.000000       15
 12.000000  19.000000       15
 12.000000  20.000000       15
 12.000000  21.000000       15
 12.000000  22.000000       21
 12.000000  23.000000       21
 12.000000  24.000000       69
 12.000000  25.000000       69
 12.000000  26.000000       69
 12.000000  27.000000       79
 13.000000  11.000000       13
 13.000000  12.000000       13
 13.000000  13.000000       13
 13.000000  14.000000        9
 13.000000  15.000000        9
 13.000000  16.000000        9
 13.000000  17.000000        9
 13.000000  18.000000       15
 13.000000  19.000000       15
 13.000000  20.000000       15
 13.000000  21.000000       21
 13.000000  22.000000       21
 13.000000  23.000000       21
 13.000000  24.000000       69
 13.000000  26.000000       69
 13.000000  27.000000       79
 13.000000  28.000000       79
 13.000000  29.000000       79
 14.000000  10.000000       56
 14.000000  11.000000       13
 14.000000  12.000000       13
 14.000000  13.000000       13
 14.000000  14.000000       13
 14.000000  15.000000        9
 14.000000  16.000000        9
 14.000000  17.000000       10
 14.000000  18.000000       10
 14.000000  19.000000       15
 14.000000  20.000000       15
 14.000000  21.000000       21
 14.000000  22.000000       21
 14.000000  23.000000       21
 14.000000  24.000000       69
 14.000000  25.000000       69
 14.000000  26.000000       69
 14.000000  27.000000       79
 14.000000  28.000000       79
 14.000000  29.000000       79
 14.000000  30.000000       79
 15.000000  10.000000       56
 15.000000  11.000000       56
 15.000000  12.000000       13
 15.000000  13.000000       13
 15.000000  14.000000       13
 15.000000  15.000000        7
 15.000000  16.000000        4
 15.000000  17.000000       10
 15.000000  18.000000       10
 15.000000  19.000000       11
 15.000000  20.000000       16
 15.000000  21.000000       16
 15.000000  22.000000       21
 15.000000  23.000000       69
 15.000000  24.000000       69
 15.000000  25.000000       69
 15.000000  26.000000       69
 15.000000  27.000000       79
 15.000000  28.000000       79
 15.000000  29.000000       79
 15.000000  30.000000       79
 15.000000  31.000000      107
 15.000000  32.000000      107
 16.000000   9.000000       56
 16.000000  10.000000       56
 16.000000  11.000000       56
 16.000000  12.000000       56
 16.000000  13.000000       14
 16.000000  14.000000        7
 16.000000  15.000000        7
 16.000000  16.000000        4
 16.000000  17.000000        5
 16.000000  18.000000       11
 16.000000  19.000000       11
 16.000000  20.000000       16
 16.000000  21.000000       16
 16.000000  22.000000       31
 16.000000  23.000000       37
 16.000000  24.000000       37
 16.000000  25.000000       37
 16.000000  26.000000       75
 16.000000  27.000000       81
 16.000000  28.000000       81
 16.000000  29.000000       87
 16.000000  30.000000       87
 16.000000  31.000000      107
 16.000000  32.000000      107
 16.000000  33.000000      107
 17.000000   9.000000       56
 17.000000  10.000000       56
 17.000000  11.000000       56
 17.000000  12.000000       56
 17.000000  13.000000       14
 17.000000  14.000000       14
 17.000000  15.000000        6
 17.000000  16.000000        2
 17.000000  17.000000        1
 17.000000  18.000000       12
 17.000000  19.000000       17
 17.000000  20.000000       19
 17.000000  21.000000       19
 17.000000  22.000000       31
 17.000000  23.000000       31
 17.000000  24.000000       54
 17.000000  25.000000       65
 17.000000  26.000000       75
 17.000000  27.000000       81
 17.000000  28.000000       81
 17.000000  29.000000       87
 17.000000  30.000000       87
 17.000000  31.000000      107
 17.000000  32.000000      107
 17.000000  33.000000      107
 17.000000  34.000000      107
 18.000000   9.000000       56
 18.000000  10.000000       56
 18.000000  11.000000       56
 18.000000  12.000000       27
 18.000000  13.000000       27
 18.000000  14.000000       27
 18.000000  15.000000        8
 18.000000  16.000000        3
 18.000000  17.000000        0
 18.000000  18.000000       18
 18.000000  19.000000       20
 18.000000  20.000000       22
 18.000000  21.000000       29
 18.000000  22.000000       36
 18.000000  23.000000       42
 18.000000  24.000000       54
 18.000000  25.000000       65
 18.000000  26.000000       75
 18.000000  27.000000       81
 18.000000  28.000000       81
 18.000000  29.000000       87
 18.000000  30.000000       87
 18.000000  31.000000      107
 18.000000  32.000000      107
 18.000000  33.000000      107
 18.000000  34.000000      107
 18.000000  35.000000      121
 18.000000  36.000000      121
 19.000000  10.000000       43
 19.000000  11.000000       43
 19.000000  12.000000       43
 19.000000  13.000000       27
 19.000000  14.000000       28
 19.000000  15.000000       28
 19.000000  16.000000       25
 19.000000  17.000000       23
 19.000000  18.000000       24
 19.000000  19.000000       26
 19.000000  20.000000       30
 19.000000  21.000000       34
 19.000000  22.000000       40
 19.000000  23.000000       49
 19.000000  24.000000       55
 19.000000  25.000000       66
 19.000000  26.000000       73
 19.000000  27.000000       82
 19.000000  28.000000       82
 19.000000  29.000000       94
 19.000000  30.000000       94
 19.000000  31.000000      101
 19.000000  32.000000      107
 19.000000  33.000000      107
 19.000000  34.000000      121
 19.000000  35.000000      121
 19.000000  36.000000      121
 19.000000  37.000000      121
 20.000000  10.000000       43
 20.000000  11.000000       43
 20.000000  12.000000       43
 20.000000  13.000000       43
 20.000000  14.000000       28
 20.000000  15.000000       39
 20.000000  16.000000       39
 20.000000  17.000000       33
 20.000000  18.000000       32
 20.000000  19.000000       35
 20.000000  20.000000       38
 20.000000  21.000000       41
 20.000000  22.000000       47
 20.000000  23.000000       53
 20.000000  24.000000       61
 20.000000  25.000000       68
 20.000000  26.000000       76
 20.000000  27.000000       83
 20.000000  28.000000       90
 20.000000  29.000000       94
 20.000000  30.000000      101
 20.000000  31.000000      101
 20.000000  32.000000      115
 20.000000  33.000000      115
 20.000000  34.000000      121
 20.000000  35.000000      121
 20.000000  36.000000      121
 20.000000  37.000000      121
 20.000000  38.000000      121
 20.000000  39.000000      133
 21.000000  11.000000       43
 21.000000  12.000000       43
 21.000000  13.000000       43
 21.000000  14.000000       57
 21.000000  15.000000       46
 21.000000  16.000000       46
 21.000000  17.000000       44
 21.000000  18.000000       44
 21.000000  19.000000       45
 21.000000  20.000000       45
 21.000000  21.000000       48
 21.000000  22.000000       52
 21.000000  23.000000       60
 21.000000  24.000000       62
 21.000000  25.000000       71
 21.000000  26.000000       78
 21.000000  27.000000       84
 21.000000  28.000000       92
 21.000000  29.000000       96
 21.000000  30.000000      103
 21.000000  31.000000      103
 21.000000  32.000000      115
 21.000000  33.000000      115
 21.000000  34.000000      120
 21.000000  35.000000      121
 21.000000  36.000000      121
 21.000000  37.000000      129
 21.000000  38.000000      129
 21.000000  39.000000      133
 21.000000  40.000000      133
 22.000000  11.000000       43
 22.000000  12.000000       43
 22.000000  13.000000       57
 22.000000  14.000000       57
 22.000000  15.000000       57
 22.000000  16.000000       46
 22.000000  17.000000       44
 22.000000  18.000000       44
 22.000000  19.000000       45
 22.000000  20.000000       51
 22.000000  21.000000       51
 22.000000  22.000000       58
 22.000000  23.000000       58
 22.000000  24.000000       67
 22.000000  25.000000       72
 22.000000  26.000000       80
 22.000000  27.000000       86
 22.000000  28.000000       93
 22.000000  29.000000       98
 22.000000  30.000000      106
 22.000000  31.000000      111
 22.000000  32.000000      111
 22.000000  33.000000      120
 22.000000  34.000000      120
 22.000000  35.000000      124
 22.000000  36.000000      129
 22.000000  37.000000      129
 22.000000  38.000000      129
 22.000000  39.000000      133
 22.000000  40.000000      133
 22.000000  41.000000      133
 23.000000  12.000000       57
 23.000000  13.000000       57
 23.000000  14.000000       57
 23.000000  15.000000       57
 23.000000  16.000000       57
 23.000000  17.000000       50
 23.000000  18.000000       50
 23.000000  19.000000       50
 23.000000  20.000000       51
 23.000000  21.000000       51
 23.000000  22.000000       58
 23.000000  23.000000       63
 23.000000  24.000000       63
 23.000000  25.000000       77
 23.000000  26.000000       85
 23.000000  27.000000       91
 23.000000  28.000000       95
 23.000000  29.000000      100
 23.000000  30.000000      108
 23.000000  31.000000      113
 23.000000  32.000000      117
 23.000000  33.000000      117
 23.000000  34.000000      124
 23.000000  35.000000      124
 23.000000  36.000000      129
 23.000000  37.000000      129
 23.000000  38.000000      129
 23.000000  39.000000      133
 23.000000  40.000000      133
 23.000000  41.000000      133
 24.000000  14.000000       57
 24.000000  15.000000       57
 24.000000  16.000000       50
 24.000000  17.000000       50
 24.000000  18.000000       50
 24.000000  19.000000       50
 24.000000  20.000000       59
 24.000000  21.000000       59
 24.000000  22.000000       64
 24.000000  23.000000       64
 24.000000  24.000000       74
 24.000000  25.000000       74
 24.000000  26.000000       88
 24.000000  27.000000       88
 24.000000  28.000000       99
 24.000000  29.000000      105
 24.000000  30.000000      110
 24.000000  31.000000      114
 24.000000  32.000000      118
 24.000000  33.000000      118
 24.000000  34.000000      126
 24.000000  35.000000      126
 24.000000  36.000000      127
 24.000000  37.000000      130
 24.000000  38.000000      130
 24.000000  39.000000      133
 24.000000  40.000000      133
 24.000000  41.000000      133
 24.000000  42.000000      133
 25.000000  15.000000       57
 25.000000  16.000000       50
 25.000000  17.000000       50
 25.000000  18.000000       50
 25.000000  19.000000       50
 25.000000  20.000000       59
 25.000000  21.000000       59
 25.000000  22.000000       64
 25.000000  23.000000       64
 25.000000  24.000000       74
 25.000000  25.000000       89
 25.000000  26.000000       89
 25.000000  27.000000       97
 25.000000  28.000000       97
 25.000000  29.000000      109
 25.000000  30.000000      109
 25.000000  31.000000      116
 25.000000  32.000000      116
 25.000000  33.000000      122
 25.000000  34.000000      122
 25.000000  35.000000      127
 25.000000  36.000000      127
 25.000000  37.000000      130
 25.000000  38.000000      130
 25.000000  39.000000      130
 25.000000  40.000000      133
 25.000000  41.000000      135
 25.000000  42.000000      135
 26.000000  17.000000       50
 26.000000  18.000000       50
 26.000000  19.000000       50
 26.000000  20.000000       59
 26.000000  21.000000       59
 26.000000  22.000000       70
 26.000000  23.000000       70
 26.000000  24.000000       70
 26.000000  25.000000       89
 26.000000  26.000000       89
 26.000000  27.000000      102
 26.000000  28.000000      102
 26.000000  29.000000      112
 26.000000  30.000000      112
 26.000000  31.000000      119
 26.000000  32.000000      119
 26.000000  33.000000      125
 26.000000  34.000000      125
 26.000000  35.000000      128
 26.000000  36.000000      132
 26.000000  37.000000      132
 26.000000  38.000000      134
 26.000000  39.000000      135
 26.000000  40.000000      135
 26.000000  41.000000      135
 26.000000  42.000000      135
 27.000000  20.000000       70
 27.000000  21.000000       70
 27.000000  22.000000       70
 27.000000  23.000000       70
 27.000000  24.000000       70
 27.000000  25.000000       70
 27.000000  26.000000      102
 27.000000  27.000000      102
 27.000000  28.000000      102
 27.000000  29.000000      112
 27.000000  30.000000      112
 27.000000  31.000000      119
 27.000000  32.000000      119
 27.000000  33.000000      125
 27.000000  34.000000      128
 27.000000  35.000000      128
 27.000000  36.000000      132
 27.000000  37.000000      132
 27.000000  38.000000      134
 27.000000  39.000000      134
 27.000000  40.000000      135
 27.000000  41.000000      135
 27.000000  42.000000      135
 28.000000  22.000000       70
 28.000000  23.000000       70
 28.000000  24.000000       70
 28.000000  25.000000       70
 28.000000  26.000000      104
 28.000000  27.000000      104
 28.000000  28.000000      104
 28.000000  29.000000      104
 28.000000  30.000000      123
 28.000000  31.000000      123
 28.000000  32.000000      123
 28.000000  33.000000      123
 28.000000  34.000000      128
 28.000000  35.000000      128
 28.000000  36.000000      131
 28.000000  37.000000      134
 28.000000  38.000000      134
 28.000000  39.000000      134
 28.000000  40.000000      135
 28.000000  41.000000      135
 28.000000  42.000000      135
 29.000000  24.000000       70
 29.000000  25.000000      104
 29.000000  26.000000      104
 29.000000  27.000000      104
 29.000000  28.000000      104
 29.000000  29.000000      104
 29.000000  30.000000      123
 29.000000  31.000000      123
 29.000000  32.000000      123
 29.000000  33.000000      123
 29.000000  34.000000      131
 29.000000  35.000000      131
 29.000000  36.000000      131
 29.000000  37.000000      131
 29.000000  38.000000      134
 29.000000  39.000000      134
 29.000000  40.000000      135
 29.000000  41.000000      135
 30.000000  27.000000      104
 30.000000  28.000000      104
 30.000000  29.000000      104
 30.000000  30.000000      123
 30.000000  31.000000      123
 30.000000  32.000000      123
 30.000000  33.000000      123
 30.000000  34.000000      131
 30.000000  35.000000      131
 30.000000  36.000000      131
 30.000000  37.000000      131
 30.000000  38.000000      131
 30.000000  39.000000      135
 30.000000  40.000000      135
 31.000000  31.000000      123
 31.000000  32.000000      123
 31.000000  33.000000      123
 31.000000  34.000000      131
 31.000000  35.000000      131
 31.000000  36.000000      131
 31.000000  37.000000      131
 31.000000  38.000000      131
