bin              f_oii f_neiii    f_hd    f_hg    f_hb f_oiii59 f_oiii07            unc_oii unc_neii unc_hd unc_hg unc_hb unc_oiii59 unc_oiii07
--- ------------------ ------- ------- ------- ------- -------- -------- ------------------ -------- ------ ------ ------ ---------- ----------
  0           1464.974  52.881 140.741  327.67 955.718  378.602 1257.783             41.313    9.972 11.419  8.056 25.597     23.447      41.69
  1           1394.444  48.299 175.271 307.622  895.56  329.008 1222.442             49.454   11.991   9.17  8.046 20.379     18.614     30.782
 10            795.722  33.345  84.363 151.094  372.29  135.777  525.284 23.381999999999998    6.012  2.131  3.205  9.153      9.789     15.761
100            368.078     nan  57.026  101.14 261.796   58.995   137.72             16.325      nan  12.59  7.719 22.612     14.592     11.046
101            281.101     nan  31.933  46.855   168.9    34.55   98.037             12.468      nan  4.955  2.763  9.399      9.024      9.177
102 203.44400000000002     nan  28.714  47.108 122.392      nan   94.628 15.129999999999999      nan  4.669  5.564  8.234        nan      5.631
103            329.621     nan  44.284  49.502 216.295   38.456  117.674             15.822      nan  8.622  5.639 12.716     11.328      6.706
104            120.758     nan  10.161  19.281  50.517   15.237   48.851              10.08      nan  2.453  3.249  6.088      4.596      2.642
105            326.823     nan     nan  62.458 227.824   62.451  123.688             21.042      nan    nan  7.229 14.997     12.409     11.301
106            401.727     nan   32.95   89.24 240.131      nan  142.313             26.863      nan  7.746 14.481 21.726        nan     11.832
107            144.309     nan  11.253  17.554  62.015   19.431   54.461              9.353      nan  2.503  2.383   6.59      6.143      4.143
108            361.881     nan  51.868 100.364 224.662   49.487  149.659              25.18      nan   7.32  7.687 17.686     16.149     12.064
109            279.966     nan     nan   44.08 177.715    45.56  105.708             16.982      nan    nan  5.967 15.378     13.574      9.052
 11            922.691  38.055  82.789 190.728 495.857  180.669  636.105             26.723    8.821  4.104  4.151 12.133      9.506     14.604
110            359.788     nan  45.768  84.689 202.027      nan  119.277             23.177      nan  8.588  9.134 11.994        nan     15.304
111 309.58500000000004     nan  44.455  57.806 179.356      nan  105.156             19.488      nan  8.354  5.747 13.284        nan     12.057
112 212.50799999999998     nan     nan  25.548 118.854   37.006  107.573              9.925      nan    nan  4.938 10.549      9.099      8.024
113            318.621     nan  48.693  57.588 243.758      nan  136.255              18.52      nan  9.442  9.468 16.064        nan     16.128
114            308.184     nan  54.986  70.181 208.725   55.715  129.621             24.346      nan 14.158 10.671  18.51     18.348     14.048
115 256.95799999999997  18.555  36.359  44.567 108.985   36.099   91.034             15.051    3.695  5.689  3.809  9.256      7.212      8.579
116             288.32     nan     nan  75.622 181.586      nan    93.42              18.65      nan    nan  8.483 17.874        nan     13.531
117            296.088     nan  40.849  66.226 181.295      nan  100.476             13.457      nan  5.369  7.632 21.115        nan      9.282
118            305.914     nan  25.138  60.608 181.805   36.742  104.443 17.811999999999998      nan  5.929   6.71 19.985      5.949      9.547
119 236.82500000000002     nan   22.74  36.076 124.444   33.673   86.686             12.954      nan  3.779  4.865 12.467      7.712      7.003
 12           1321.656  40.652 145.153 273.699 765.846   289.33 1008.741 55.781000000000006    8.413  8.922  7.202 22.337       19.5     32.161
120 264.66999999999996     nan     nan  39.572 111.912    39.21   96.868             12.336      nan    nan  7.686  7.357     13.049      8.771
121            153.891     nan  12.889  22.453  56.246   19.692   62.225              7.055      nan  2.613  2.309  4.053      6.228      4.056
122            292.856     nan  39.458  66.564 164.897      nan  112.584 16.548000000000002      nan  6.077  7.676 14.312        nan      8.247
123            125.816     nan   16.86  20.398  57.257   15.834   44.633              6.055      nan  2.578  2.591  6.266      3.921      5.287
124            271.555     nan  22.663  45.578 130.828   40.886  112.872             11.408      nan  5.508  3.783 15.248      9.798      6.153
125            258.093     nan  22.127  46.504 140.224      nan   88.318             12.761      nan   6.13  5.749  9.731        nan      8.638
126            292.531     nan  33.503  59.576 164.031      nan   98.027             26.508      nan  5.467  7.015  18.18        nan      9.167
127            318.047  18.654   29.59  66.815  153.67   44.603  125.773 11.693000000000001     4.79  4.785  6.241 15.117      7.568      5.313
128            246.254     nan  25.536  47.178  132.05      nan   84.504              15.65      nan  4.684  3.309 10.661        nan      6.946
129 223.85399999999998     nan  16.803  35.382   86.82   32.417   84.503              7.877      nan  2.323  2.187  5.715      5.354      5.178
 13            489.971  19.896  43.251  86.365 220.615   91.376  326.311 14.661000000000001    2.518   1.84  3.602  4.871      6.408      7.367
130            274.068  15.037   26.07   50.74 130.187   39.472  111.067 10.530000000000001    4.262  3.772  3.783  7.097      8.246      6.869
131            129.344     nan  15.087  23.548  61.899   13.756   43.503              5.619      nan  1.759   1.95  5.882      4.022      3.089
132            277.963     nan  27.105  57.535 163.999   40.909   115.95 12.376999999999999      nan  4.581  2.624 11.392      9.183        8.4
133            166.769     nan  14.444  25.055  60.845   30.357   82.521 5.2010000000000005      nan  1.508  2.187  3.885      4.562      3.262
134            206.256     nan  11.941  34.272    99.5   25.356   79.503              8.314      nan  2.791  2.633   6.89      6.935      5.507
135            152.062   9.167    9.87  22.468  61.112   22.554   64.994              5.699    2.611  1.854  2.055  3.426      4.016       2.33
 14             999.72  53.295 105.313   209.4  554.99  211.886  810.383 25.887999999999998    6.699  4.624  4.911  18.81     16.374     16.624
 15            277.403     nan  26.213  48.985 123.755   49.384  147.627  8.710999999999999      nan  2.067  1.915  5.637       4.39       4.84
 16  622.3109999999999  23.473  56.669 120.891 321.453  125.455  380.606 19.189999999999998     5.88  2.764  3.349 11.364      7.718     11.323
 17 1098.7440000000001  42.387 113.754 244.025 628.448  204.295  756.687             24.473    11.44  6.779  4.361 18.788     21.009     25.031
 18           1372.433  57.111 132.968 314.344  855.16  308.672 1085.045             34.547   10.675  4.691  8.525 19.275     21.227     28.537
 19            839.392  26.715  87.601  174.54 484.533  149.725  522.214             23.018    5.217   5.55  4.914  19.67     16.819     21.551
  2           1536.019  62.361 164.942 316.915 942.447  374.102 1304.026             40.626    9.648  9.426 11.293 26.694     22.183     31.105
 20           1159.826  33.046 113.688 254.508 673.863  265.302  841.015             44.262   10.866  4.657  8.345  20.76     17.818     26.068
 21            246.478     nan  21.728  47.802 106.754   42.474  128.839              6.936      nan  2.949  3.413  6.627      5.829      4.398
 22            962.877     nan 103.803 217.458  593.09  187.772  690.184              28.02      nan  5.053  8.616 23.841     21.529     22.775
 23           1336.757  53.143 118.077 305.987 814.729   272.23 1106.203 40.965999999999994    10.98  8.113  8.279 22.903     23.995     27.951
 24 1259.9160000000002  43.615 125.845 259.922 764.892  274.023  962.876             43.256   10.244  5.901  7.379 18.099     22.108     25.179
 25 1239.5030000000002  51.551 138.949 272.217 795.774  299.844 1086.571             42.674    14.03  8.119  7.352  17.22     24.901     27.002
 26 1082.0140000000001  46.025 110.928   230.9 653.456  214.902  754.776 20.011000000000003   10.593  7.155  7.754 22.525     18.872      23.68
 27  845.6759999999999  24.269  88.067  189.07 510.299  193.603  694.969             25.654    7.304  3.628  3.695 18.571     10.815     14.199
 28  959.2950000000001  42.815  99.953 220.163 571.875  221.082  797.524             30.387    8.203  3.711  5.934 11.791     15.352     18.582
 29            861.008     nan  88.594 178.041  535.81  185.043  535.101             22.052      nan  5.383  6.385 15.007      18.01     18.901
  3           1501.171  53.224 163.697 326.581  954.06  334.426 1368.314             56.363    13.52  7.282  7.781 23.496     20.724     32.305
 30  944.7339999999999  33.367  96.421 203.462 587.496  179.338  617.891             19.789   10.839  7.827  7.674 13.077     19.107     16.088
 31            587.005   25.42  56.053 118.541 347.479  110.297  351.706             17.028    6.318  4.698  4.007 11.573     10.925     11.552
 32           1033.768  31.234  98.498 213.289 596.004   202.98  723.913 19.939999999999998    7.082  5.998    6.4 23.418     18.107     21.346
 33           1049.674  43.371 111.861 224.706 611.822  208.603  826.783             26.884    9.048  6.583  5.815 18.056     22.803     25.717
 34            828.065  27.334  88.221 185.338 530.326  166.983  489.445             25.291    8.957  6.203  7.199 13.504     14.505     12.532
 35  948.8729999999999  31.786 102.627 185.578 544.645  169.773  596.641             35.607    9.978  3.683  5.901 18.682     19.281     25.775
 36            750.345     nan  94.185 177.723 474.372  174.197  498.612             22.007      nan  7.557 10.541 15.524     13.207      17.47
 37            397.499     nan  39.299  91.209 224.305   82.042  230.388             10.582      nan  4.317   5.13 13.603     12.546      7.932
 38            870.591   33.98  84.841 177.548 502.656  147.711  496.817             20.753    9.419  5.767  7.984 20.059     17.138     18.547
 39            955.575  36.892  110.23 199.069 576.542  195.383  727.846             27.654    7.014  6.276  4.193 17.949     16.894     16.701
  4 1199.2359999999999  42.765 121.786 240.334 642.361   239.96  898.628             35.302    5.811  6.573  4.654 15.546     16.176     23.746
 40  746.4359999999999  39.716  90.743 165.952 481.587  131.288  435.875             22.875     8.37  9.801  6.203 13.329     16.521     12.125
 41            769.328     nan  85.485 167.531 500.594  125.776  436.466 21.206000000000003      nan  5.837  5.384 20.671     13.557      14.45
 42            668.775  29.036  76.486 158.033 440.575  125.048  392.101              14.86    8.079  6.419 10.192 16.489     21.291     17.752
 43            348.265  14.695  31.625  62.596 174.625   65.489   236.39               6.93    2.861  2.442   1.99  6.341      7.603      6.531
 44              673.5  27.972  61.961 130.929 342.443  115.512  420.194 19.137999999999998    5.462  3.162  4.394  9.935     13.473      10.42
 45  671.5509999999999  21.891  65.064 140.575 377.961  110.468  385.654 19.881999999999998    6.796  4.603  3.401 10.809      9.977     13.854
 46            614.443     nan  68.549 129.693 336.465  118.096  437.743             20.279      nan  3.907  3.988 12.708     13.245      9.561
 47            744.509   33.93  84.283 169.188 474.179  110.014  388.635             22.596     9.04  6.226   3.85 15.252     17.123     16.225
 48  685.6469999999999  28.354  83.519 164.463 416.423  126.685   385.57             16.829    6.884 10.796 10.942 15.224      15.61     16.201
 49            700.925     nan  75.124 152.999 471.105  122.506  400.354             29.731      nan  6.216  8.795 12.461     11.965     12.818
  5           1248.138  43.574 131.221 266.601 714.425  266.035  988.326              49.44   11.631  5.568  6.322 11.945     17.249     25.482
 50            257.764     nan  22.392  49.601 124.679   45.575  136.654              7.356      nan  2.539  2.511  3.689      5.003        5.1
 51            528.787  29.106  48.755 104.778 300.064   91.355  259.281             14.942    5.942  2.194  4.235 11.487      9.971       5.65
 52            670.443     nan  70.554 176.183 451.046  116.632  353.173              23.11      nan  4.242  6.671 17.445     17.737     13.687
 53            696.768   26.13  78.893 165.469 464.205  110.031  374.108 20.752000000000002    7.883  7.649  5.698 14.575     14.179     11.263
 54             554.18  23.635  57.983 126.097 331.741  107.278  335.062             17.531    7.613  6.188  4.908 11.379      8.221     13.254
 55             658.52  23.423  75.267  147.81   440.0  139.657  372.524 15.918000000000001    7.728  5.574  6.722 17.482     15.511     13.169
 56            390.906  11.986  33.702  70.148 186.554   78.282  273.695              9.819    2.599  1.701  1.401  5.902      4.248      6.556
 57            308.252  15.139  29.311  60.902 147.017   60.254  187.162               5.38    2.989  1.997   1.93  4.872      7.397      6.334
 58            566.788     nan  57.581 123.981 365.264    95.23  257.328             16.671      nan  4.849  4.166 15.862      8.502     10.535
 59            278.666     nan  27.536  53.849  131.71   53.098  127.873              7.361      nan  2.327  4.286  6.111      9.641        6.3
  6           1406.382  60.797 152.184 305.653 877.907  346.617 1247.758             32.692   12.263  7.095  6.141 28.761     26.667     33.452
 60  640.6379999999999     nan  68.698  168.52 441.631   99.641  291.278             21.517      nan  8.136  6.836 12.602     18.292     10.716
 61            667.342     nan  75.444 156.115 463.782  107.334  357.843             17.145      nan  6.665  7.287 16.813     15.901     12.571
 62            604.244  21.625  66.993 143.386 421.205  111.515  312.171             23.605    6.696  8.436  7.172 16.379     15.904      14.22
 63 479.58299999999997     nan   51.17 109.653 313.339   67.079  220.582             11.442      nan  6.319  6.163 16.613      8.871      7.255
 64 359.15999999999997     nan  36.495  73.844 211.732   51.551  157.176             12.389      nan  3.893  4.154  9.263      9.277      7.995
 65            489.147     nan  61.622 111.684 273.499   96.278  259.085             17.108      nan   5.39  3.242 11.512     10.629     12.206
 66            542.235     nan  57.685 125.889 403.725  109.204   330.23 20.320999999999998      nan  6.376  6.517 12.601     16.633     12.436
 67            544.513     nan  54.026 145.786 389.922   92.199  266.532             26.206      nan  6.585  4.778 14.706     13.282      13.22
 68  567.8679999999999  22.023  78.964 144.934   422.6   90.055  255.672             17.683    7.329  8.138  5.302 13.238     12.796     12.949
 69            121.686     nan     nan  21.125  59.926   27.649   66.171               6.27      nan    nan   1.95  2.991      5.817      4.614
  7           1084.901  43.488 119.202 228.247 616.244  248.306  839.501             45.571    7.387  5.712  5.804 12.557     10.122      22.39
 70            167.269     nan  16.769  33.874  79.794   26.749   64.529  6.106999999999999      nan  2.762   2.38  5.251      4.114      3.424
 71            576.517     nan  84.746  152.06   411.7   95.444  272.964             20.975      nan  9.008   7.76 15.093     13.268      9.535
 72            525.527     nan  62.894 122.096 359.998   82.566  221.029 17.816000000000003      nan  7.624  6.567 11.198     14.611      8.757
 73 487.20099999999996   30.16  46.185 126.406 340.527  102.973  271.648             22.921    7.775  6.701  8.543 15.148     15.335      8.657
 74 381.28700000000003     nan  44.659  90.233 235.471   53.771  165.175              9.337      nan  5.593  4.218  9.518     10.878      9.267
 75 361.93600000000004     nan  38.576  75.153 202.189   63.657  178.011              9.136      nan  4.005  5.008  6.299      4.744      8.282
 76            499.055  21.984  74.252 140.861 370.908    94.43  257.209             31.521    5.615  8.726  8.642 17.505      20.71     16.634
 77             486.03     nan  48.405  86.306 292.864   83.529  182.905             23.963      nan  7.067  8.389 15.647     11.751       8.11
 78  538.1320000000001     nan   75.14 147.158 355.896   80.543  224.687              24.67      nan  8.105  7.179 11.167     13.373     10.416
 79            116.375     nan     nan  14.503  42.915   19.417   44.136              6.371      nan    nan  3.531  3.444      6.025      5.072
  8 1293.0810000000001  73.569   159.1 305.352 861.877  328.782 1241.374 49.022000000000006   11.644  6.937  4.246 19.984     28.916     34.401
 80             484.72     nan  49.425 142.835 387.554   68.495  219.227             21.142      nan  8.346  7.433 15.513     14.465     13.173
 81            304.658  11.122  30.985  63.162  158.33   45.736   134.92              9.503    3.206  4.019  4.113  7.126      9.144      8.355
 82            414.556     nan  53.697 103.513 271.223   68.631  197.271 15.681999999999999      nan  7.287  5.671 15.806     16.143      9.652
 83            470.043     nan  75.346 110.074 329.773   73.225  205.227 26.392000000000003      nan  6.881 11.318 18.043     13.557     15.828
 84            478.614     nan  70.251  126.68  338.62    72.13  190.364             17.295      nan  5.864   9.73 17.512     16.095     16.735
 85 451.53700000000003     nan  68.977 132.319 360.089   67.823  186.041             21.633      nan 12.111  8.248 20.686     19.882     12.135
 86            451.395  33.827  68.304 114.331 322.279   61.929  172.667             17.644    9.007   7.91  9.565  19.38     18.885     13.896
 87            214.365     nan  19.721  46.104 111.627   36.848   91.531              8.316      nan  4.998  3.041  7.614      7.855      7.163
 88            372.405     nan  47.324  84.691 265.276   56.472  144.802             16.534      nan  5.021  6.942 15.715      7.646      11.78
 89            296.582     nan  29.083   64.07 169.473   43.297    114.9             10.511      nan  4.547  5.215  9.311      7.719        6.0
  9 438.10900000000004   18.51  41.306  79.397 206.113   73.708  276.156 11.164000000000001    5.138  1.356  2.891  9.077      6.834      7.369
 90 416.49199999999996     nan  51.601 106.797  296.25   72.783  185.765 17.250999999999998      nan  7.356  6.292 20.429     15.226     16.018
 91            424.116     nan  63.113 114.975 302.939   66.017  183.357             19.532      nan 10.066 10.036 19.019      15.19     13.577
 92 440.86800000000005     nan  55.348 119.469 307.843   72.214   176.47             26.244      nan   9.78  8.786 26.819     17.128     14.217
 93            437.126     nan   59.67 104.852 332.609      nan  175.684             22.647      nan  7.185  7.371 13.163        nan     12.041
 94 318.18899999999996     nan  33.018  66.237 206.428      nan  135.507             11.132      nan  5.482  5.631 10.321        nan      5.713
 95            397.719     nan   51.71 109.524 307.141   92.136  155.006             27.504      nan  8.749  8.395 22.295     16.451     14.498
 96 387.68100000000004     nan  50.539  104.41 278.594      nan  170.688             21.723      nan  9.421 10.826 15.975        nan     11.814
 97 295.37300000000005     nan  40.314  65.565 175.348   46.525  114.474              9.798      nan   4.72  5.905 11.375     13.472     13.782
 98            399.122     nan  42.569  76.018 266.135   68.477  138.962             27.003      nan  9.923  9.711 18.725     20.642     11.364
 99            353.848     nan  33.529  71.233 234.416   56.295  144.624             22.081      nan  9.037   8.26 15.287      17.95     15.184
