# p q signal noise
11 16 1.493e+00 1.977e-01
11 17 1.454e+00 1.977e-01
11 18 1.439e+00 1.977e-01
11 19 1.448e+00 1.977e-01
11 20 1.525e+00 1.977e-01
11 21 1.671e+00 1.977e-01
11 22 2.104e+00 1.977e-01
11 23 2.517e+00 1.977e-01
11 24 2.742e+00 1.977e-01
12 13 1.756e+00 1.977e-01
12 14 1.942e+00 1.977e-01
12 15 2.180e+00 1.977e-01
12 16 2.435e+00 1.977e-01
12 17 2.468e+00 1.977e-01
12 18 2.405e+00 1.977e-01
12 19 2.274e+00 1.977e-01
12 20 2.308e+00 1.977e-01
12 21 2.633e+00 1.977e-01
12 22 3.011e+00 1.977e-01
12 23 3.225e+00 1.977e-01
12 24 2.420e+00 1.977e-01
12 25 1.339e+00 1.977e-01
12 26 2.068e+00 1.977e-01
12 27 2.876e+00 1.977e-01
13 11 1.648e+00 1.977e-01
13 12 2.147e+00 1.977e-01
13 13 2.826e+00 1.977e-01
13 14 3.330e+00 1.977e-01
13 15 3.604e+00 1.977e-01
13 16 3.866e+00 1.977e-01
13 17 3.766e+00 1.977e-01
13 18 3.736e+00 1.977e-01
13 19 3.501e+00 1.977e-01
13 20 3.323e+00 1.977e-01
13 21 3.519e+00 1.977e-01
13 22 3.905e+00 1.977e-01
13 23 3.757e+00 1.977e-01
13 24 1.512e+00 1.977e-01
13 26 7.191e-01 1.977e-01
13 27 2.967e+00 1.977e-01
13 28 2.951e+00 1.977e-01
13 29 2.081e+00 1.977e-01
14 10 1.943e+00 1.977e-01
14 11 2.379e+00 1.977e-01
14 12 3.165e+00 1.977e-01
14 13 4.192e+00 1.977e-01
14 14 4.906e+00 1.977e-01
14 15 5.780e+00 1.977e-01
14 16 6.220e+00 1.977e-01
14 17 6.118e+00 1.977e-01
14 18 5.708e+00 1.977e-01
14 19 5.252e+00 1.977e-01
14 20 4.985e+00 1.977e-01
14 21 4.985e+00 1.977e-01
14 22 5.191e+00 1.977e-01
14 23 4.901e+00 1.977e-01
14 24 2.467e+00 1.977e-01
14 25 1.536e-10 1.977e-01
14 26 1.635e+00 1.977e-01
14 27 3.796e+00 1.977e-01
14 28 3.635e+00 1.977e-01
14 29 2.737e+00 1.977e-01
14 30 1.809e+00 1.977e-01
15 10 2.327e+00 1.977e-01
15 11 3.097e+00 1.977e-01
15 12 4.230e+00 1.977e-01
15 13 5.805e+00 1.977e-01
15 14 7.063e+00 1.977e-01
15 15 8.346e+00 1.977e-01
15 16 9.212e+00 1.977e-01
15 17 9.096e+00 1.977e-01
15 18 8.395e+00 1.977e-01
15 19 7.598e+00 1.977e-01
15 20 6.967e+00 1.977e-01
15 21 6.744e+00 1.977e-01
15 22 6.725e+00 1.977e-01
15 23 6.704e+00 1.977e-01
15 24 5.688e+00 1.977e-01
15 25 4.442e+00 1.977e-01
15 26 4.774e+00 1.977e-01
15 27 5.144e+00 1.977e-01
15 28 4.452e+00 1.977e-01
15 29 3.351e+00 1.977e-01
15 30 2.512e+00 1.977e-01
15 31 1.850e+00 1.977e-01
15 32 1.320e+00 1.977e-01
16 9 1.880e+00 1.977e-01
16 10 2.565e+00 1.977e-01
16 11 3.545e+00 1.977e-01
16 12 5.149e+00 1.977e-01
16 13 7.221e+00 1.977e-01
16 14 9.155e+00 1.977e-01
16 15 1.133e+01 1.977e-01
16 16 1.250e+01 1.977e-01
16 17 1.248e+01 1.977e-01
16 18 1.158e+01 1.977e-01
16 19 1.041e+01 1.977e-01
16 20 9.289e+00 1.977e-01
16 21 8.773e+00 1.977e-01
16 22 8.502e+00 1.977e-01
16 23 8.359e+00 1.977e-01
16 24 8.137e+00 1.977e-01
16 25 7.741e+00 1.977e-01
16 26 7.216e+00 1.977e-01
16 27 6.523e+00 1.977e-01
16 28 5.319e+00 1.977e-01
16 29 4.233e+00 1.977e-01
16 30 3.364e+00 1.977e-01
16 31 2.614e+00 1.977e-01
16 32 1.922e+00 1.977e-01
16 33 1.514e+00 1.977e-01
17 9 1.954e+00 1.977e-01
17 10 2.750e+00 1.977e-01
17 11 3.800e+00 1.977e-01
17 12 5.745e+00 1.977e-01
17 13 8.288e+00 1.977e-01
17 14 1.093e+01 1.977e-01
17 15 1.359e+01 1.977e-01
17 16 1.527e+01 1.977e-01
17 17 1.532e+01 1.977e-01
17 18 1.426e+01 1.977e-01
17 19 1.292e+01 1.977e-01
17 20 1.166e+01 1.977e-01
17 21 1.079e+01 1.977e-01
17 22 1.029e+01 1.977e-01
17 23 1.005e+01 1.977e-01
17 24 9.919e+00 1.977e-01
17 25 9.485e+00 1.977e-01
17 26 8.689e+00 1.977e-01
17 27 7.741e+00 1.977e-01
17 28 6.513e+00 1.977e-01
17 29 5.364e+00 1.977e-01
17 30 4.357e+00 1.977e-01
17 31 3.487e+00 1.977e-01
17 32 2.710e+00 1.977e-01
17 33 2.204e+00 1.977e-01
17 34 1.927e+00 1.977e-01
18 9 1.884e+00 1.977e-01
18 10 2.639e+00 1.977e-01
18 11 3.707e+00 1.977e-01
18 12 5.576e+00 1.977e-01
18 13 8.017e+00 1.977e-01
18 14 1.113e+01 1.977e-01
18 15 1.400e+01 1.977e-01
18 16 1.583e+01 1.977e-01
18 17 1.633e+01 1.977e-01
18 18 1.557e+01 1.977e-01
18 19 1.430e+01 1.977e-01
18 20 1.311e+01 1.977e-01
18 21 1.233e+01 1.977e-01
18 22 1.188e+01 1.977e-01
18 23 1.181e+01 1.977e-01
18 24 1.163e+01 1.977e-01
18 25 1.110e+01 1.977e-01
18 26 1.042e+01 1.977e-01
18 27 9.441e+00 1.977e-01
18 28 8.190e+00 1.977e-01
18 29 6.961e+00 1.977e-01
18 30 5.897e+00 1.977e-01
18 31 4.870e+00 1.977e-01
18 32 3.861e+00 1.977e-01
18 33 3.234e+00 1.977e-01
18 34 2.811e+00 1.977e-01
18 35 2.184e+00 1.977e-01
18 36 1.616e+00 1.977e-01
19 10 2.226e+00 1.977e-01
19 11 3.254e+00 1.977e-01
19 12 4.906e+00 1.977e-01
19 13 7.162e+00 1.977e-01
19 14 9.759e+00 1.977e-01
19 15 1.233e+01 1.977e-01
19 16 1.402e+01 1.977e-01
19 17 1.481e+01 1.977e-01
19 18 1.452e+01 1.977e-01
19 19 1.378e+01 1.977e-01
19 20 1.317e+01 1.977e-01
19 21 1.287e+01 1.977e-01
19 22 1.289e+01 1.977e-01
19 23 1.311e+01 1.977e-01
19 24 1.306e+01 1.977e-01
19 25 1.278e+01 1.977e-01
19 26 1.210e+01 1.977e-01
19 27 1.132e+01 1.977e-01
19 28 1.006e+01 1.977e-01
19 29 8.906e+00 1.977e-01
19 30 7.684e+00 1.977e-01
19 31 6.545e+00 1.977e-01
19 32 5.423e+00 1.977e-01
19 33 4.538e+00 1.977e-01
19 34 3.911e+00 1.977e-01
19 35 3.090e+00 1.977e-01
19 36 2.488e+00 1.977e-01
19 37 1.979e+00 1.977e-01
20 10 1.840e+00 1.977e-01
20 11 2.622e+00 1.977e-01
20 12 4.049e+00 1.977e-01
20 13 5.821e+00 1.977e-01
20 14 7.897e+00 1.977e-01
20 15 9.843e+00 1.977e-01
20 16 1.102e+01 1.977e-01
20 17 1.179e+01 1.977e-01
20 18 1.218e+01 1.977e-01
20 19 1.217e+01 1.977e-01
20 20 1.210e+01 1.977e-01
20 21 1.243e+01 1.977e-01
20 22 1.296e+01 1.977e-01
20 23 1.348e+01 1.977e-01
20 24 1.393e+01 1.977e-01
20 25 1.400e+01 1.977e-01
20 26 1.360e+01 1.977e-01
20 27 1.310e+01 1.977e-01
20 28 1.199e+01 1.977e-01
20 29 1.083e+01 1.977e-01
20 30 9.528e+00 1.977e-01
20 31 8.340e+00 1.977e-01
20 32 6.902e+00 1.977e-01
20 33 5.948e+00 1.977e-01
20 34 5.307e+00 1.977e-01
20 35 4.297e+00 1.977e-01
20 36 3.569e+00 1.977e-01
20 37 2.842e+00 1.977e-01
20 38 2.251e+00 1.977e-01
20 39 1.605e+00 1.977e-01
21 11 1.991e+00 1.977e-01
21 12 2.927e+00 1.977e-01
21 13 4.157e+00 1.977e-01
21 14 5.614e+00 1.977e-01
21 15 7.028e+00 1.977e-01
21 16 8.015e+00 1.977e-01
21 17 8.825e+00 1.977e-01
21 18 9.416e+00 1.977e-01
21 19 9.943e+00 1.977e-01
21 20 1.042e+01 1.977e-01
21 21 1.130e+01 1.977e-01
21 22 1.211e+01 1.977e-01
21 23 1.306e+01 1.977e-01
21 24 1.377e+01 1.977e-01
21 25 1.419e+01 1.977e-01
21 26 1.437e+01 1.977e-01
21 27 1.421e+01 1.977e-01
21 28 1.354e+01 1.977e-01
21 29 1.261e+01 1.977e-01
21 30 1.124e+01 1.977e-01
21 31 9.981e+00 1.977e-01
21 32 8.629e+00 1.977e-01
21 33 7.471e+00 1.977e-01
21 34 6.595e+00 1.977e-01
21 35 5.562e+00 1.977e-01
21 36 4.805e+00 1.977e-01
21 37 3.910e+00 1.977e-01
21 38 3.085e+00 1.977e-01
21 39 2.374e+00 1.977e-01
21 40 1.794e+00 1.977e-01
22 11 1.296e+00 1.977e-01
22 12 2.087e+00 1.977e-01
22 13 2.908e+00 1.977e-01
22 14 3.869e+00 1.977e-01
22 15 4.959e+00 1.977e-01
22 16 5.609e+00 1.977e-01
22 17 6.448e+00 1.977e-01
22 18 7.134e+00 1.977e-01
22 19 7.875e+00 1.977e-01
22 20 8.526e+00 1.977e-01
22 21 9.683e+00 1.977e-01
22 22 1.080e+01 1.977e-01
22 23 1.182e+01 1.977e-01
22 24 1.270e+01 1.977e-01
22 25 1.351e+01 1.977e-01
22 26 1.421e+01 1.977e-01
22 27 1.440e+01 1.977e-01
22 28 1.421e+01 1.977e-01
22 29 1.352e+01 1.977e-01
22 30 1.249e+01 1.977e-01
22 31 1.125e+01 1.977e-01
22 32 9.911e+00 1.977e-01
22 33 8.804e+00 1.977e-01
22 34 8.058e+00 1.977e-01
22 35 6.835e+00 1.977e-01
22 36 6.064e+00 1.977e-01
22 37 5.202e+00 1.977e-01
22 38 4.162e+00 1.977e-01
22 39 3.184e+00 1.977e-01
22 40 2.314e+00 1.977e-01
22 41 1.704e+00 1.977e-01
23 12 1.493e+00 1.977e-01
23 13 2.026e+00 1.977e-01
23 14 2.682e+00 1.977e-01
23 15 3.474e+00 1.977e-01
23 16 3.965e+00 1.977e-01
23 17 4.592e+00 1.977e-01
23 18 5.247e+00 1.977e-01
23 19 6.012e+00 1.977e-01
23 20 6.901e+00 1.977e-01
23 21 7.880e+00 1.977e-01
23 22 8.941e+00 1.977e-01
23 23 1.004e+01 1.977e-01
23 24 1.108e+01 1.977e-01
23 25 1.202e+01 1.977e-01
23 26 1.299e+01 1.977e-01
23 27 1.361e+01 1.977e-01
23 28 1.384e+01 1.977e-01
23 29 1.353e+01 1.977e-01
23 30 1.297e+01 1.977e-01
23 31 1.208e+01 1.977e-01
23 32 1.101e+01 1.977e-01
23 33 1.004e+01 1.977e-01
23 34 9.305e+00 1.977e-01
23 35 8.245e+00 1.977e-01
23 36 7.415e+00 1.977e-01
23 37 6.439e+00 1.977e-01
23 38 5.474e+00 1.977e-01
23 39 4.319e+00 1.977e-01
23 40 3.225e+00 1.977e-01
23 41 2.313e+00 1.977e-01
24 14 1.615e+00 1.977e-01
24 15 2.218e+00 1.977e-01
24 16 2.572e+00 1.977e-01
24 17 3.014e+00 1.977e-01
24 18 3.587e+00 1.977e-01
24 19 4.271e+00 1.977e-01
24 20 5.052e+00 1.977e-01
24 21 6.020e+00 1.977e-01
24 22 6.946e+00 1.977e-01
24 23 7.936e+00 1.977e-01
24 24 8.967e+00 1.977e-01
24 25 9.856e+00 1.977e-01
24 26 1.077e+01 1.977e-01
24 27 1.162e+01 1.977e-01
24 28 1.223e+01 1.977e-01
24 29 1.228e+01 1.977e-01
24 30 1.224e+01 1.977e-01
24 31 1.188e+01 1.977e-01
24 32 1.126e+01 1.977e-01
24 33 1.066e+01 1.977e-01
24 34 1.018e+01 1.977e-01
24 35 9.347e+00 1.977e-01
24 36 8.566e+00 1.977e-01
24 37 7.562e+00 1.977e-01
24 38 6.420e+00 1.977e-01
24 39 5.173e+00 1.977e-01
24 40 3.937e+00 1.977e-01
24 41 2.952e+00 1.977e-01
24 42 2.025e+00 1.977e-01
25 15 1.529e+00 1.977e-01
25 16 1.687e+00 1.977e-01
25 17 1.913e+00 1.977e-01
25 18 2.557e+00 1.977e-01
25 19 3.059e+00 1.977e-01
25 20 3.736e+00 1.977e-01
25 21 4.476e+00 1.977e-01
25 22 5.304e+00 1.977e-01
25 23 6.055e+00 1.977e-01
25 24 6.977e+00 1.977e-01
25 25 7.648e+00 1.977e-01
25 26 8.515e+00 1.977e-01
25 27 9.283e+00 1.977e-01
25 28 9.991e+00 1.977e-01
25 29 1.032e+01 1.977e-01
25 30 1.052e+01 1.977e-01
25 31 1.055e+01 1.977e-01
25 32 1.065e+01 1.977e-01
25 33 1.040e+01 1.977e-01
25 34 1.035e+01 1.977e-01
25 35 9.817e+00 1.977e-01
25 36 8.912e+00 1.977e-01
25 37 7.902e+00 1.977e-01
25 38 6.744e+00 1.977e-01
25 39 5.381e+00 1.977e-01
25 40 4.214e+00 1.977e-01
25 41 3.082e+00 1.977e-01
25 42 2.212e+00 1.977e-01
26 17 1.139e+00 1.977e-01
26 18 1.580e+00 1.977e-01
26 19 1.983e+00 1.977e-01
26 20 2.438e+00 1.977e-01
26 21 3.066e+00 1.977e-01
26 22 3.660e+00 1.977e-01
26 23 4.277e+00 1.977e-01
26 24 4.987e+00 1.977e-01
26 25 5.532e+00 1.977e-01
26 26 6.262e+00 1.977e-01
26 27 6.959e+00 1.977e-01
26 28 7.667e+00 1.977e-01
26 29 8.046e+00 1.977e-01
26 30 8.506e+00 1.977e-01
26 31 8.763e+00 1.977e-01
26 32 9.287e+00 1.977e-01
26 33 9.456e+00 1.977e-01
26 34 9.773e+00 1.977e-01
26 35 9.239e+00 1.977e-01
26 36 8.634e+00 1.977e-01
26 37 7.617e+00 1.977e-01
26 38 6.537e+00 1.977e-01
26 39 5.297e+00 1.977e-01
26 40 4.124e+00 1.977e-01
26 41 3.078e+00 1.977e-01
26 42 2.142e+00 1.977e-01
27 20 1.754e+00 1.977e-01
27 21 2.109e+00 1.977e-01
27 22 2.627e+00 1.977e-01
27 23 3.093e+00 1.977e-01
27 24 3.528e+00 1.977e-01
27 25 4.001e+00 1.977e-01
27 26 4.613e+00 1.977e-01
27 27 5.191e+00 1.977e-01
27 28 5.809e+00 1.977e-01
27 29 6.226e+00 1.977e-01
27 30 6.681e+00 1.977e-01
27 31 7.101e+00 1.977e-01
27 32 7.618e+00 1.977e-01
27 33 7.998e+00 1.977e-01
27 34 8.494e+00 1.977e-01
27 35 8.083e+00 1.977e-01
27 36 7.751e+00 1.977e-01
27 37 6.910e+00 1.977e-01
27 38 6.006e+00 1.977e-01
27 39 4.952e+00 1.977e-01
27 40 3.869e+00 1.977e-01
27 41 3.095e+00 1.977e-01
27 42 2.400e+00 1.977e-01
28 22 1.829e+00 1.977e-01
28 23 2.099e+00 1.977e-01
28 24 2.449e+00 1.977e-01
28 25 2.785e+00 1.977e-01
28 26 3.233e+00 1.977e-01
28 27 3.668e+00 1.977e-01
28 28 4.026e+00 1.977e-01
28 29 4.436e+00 1.977e-01
28 30 4.877e+00 1.977e-01
28 31 5.280e+00 1.977e-01
28 32 5.801e+00 1.977e-01
28 33 6.164e+00 1.977e-01
28 34 6.617e+00 1.977e-01
28 35 6.330e+00 1.977e-01
28 36 6.215e+00 1.977e-01
28 37 5.625e+00 1.977e-01
28 38 4.951e+00 1.977e-01
28 39 4.203e+00 1.977e-01
28 40 3.477e+00 1.977e-01
28 41 2.766e+00 1.977e-01
28 42 2.082e+00 1.977e-01
29 24 1.597e+00 1.977e-01
29 25 1.845e+00 1.977e-01
29 26 2.118e+00 1.977e-01
29 27 2.496e+00 1.977e-01
29 28 2.821e+00 1.977e-01
29 29 3.065e+00 1.977e-01
29 30 3.425e+00 1.977e-01
29 31 3.694e+00 1.977e-01
29 32 4.113e+00 1.977e-01
29 33 4.449e+00 1.977e-01
29 34 4.958e+00 1.977e-01
29 35 4.710e+00 1.977e-01
29 36 4.615e+00 1.977e-01
29 37 4.316e+00 1.977e-01
29 38 3.972e+00 1.977e-01
29 39 3.468e+00 1.977e-01
29 40 2.870e+00 1.977e-01
29 41 2.191e+00 1.977e-01
30 27 1.563e+00 1.977e-01
30 28 1.640e+00 1.977e-01
30 29 1.911e+00 1.977e-01
30 30 2.111e+00 1.977e-01
30 31 2.440e+00 1.977e-01
30 32 2.643e+00 1.977e-01
30 33 2.988e+00 1.977e-01
30 34 3.293e+00 1.977e-01
30 35 3.188e+00 1.977e-01
30 36 3.268e+00 1.977e-01
30 37 3.155e+00 1.977e-01
30 38 2.903e+00 1.977e-01
30 39 2.635e+00 1.977e-01
30 40 2.220e+00 1.977e-01
31 31 1.459e+00 1.977e-01
31 32 1.567e+00 1.977e-01
31 33 1.871e+00 1.977e-01
31 34 2.054e+00 1.977e-01
31 35 2.130e+00 1.977e-01
31 36 2.157e+00 1.977e-01
31 37 2.050e+00 1.977e-01
31 38 1.958e+00 1.977e-01
