 18.000000  97.000000       89
 18.000000  98.000000       89
 18.000000  99.000000       89
 18.000000 108.000000       97
 18.000000 109.000000       97
 18.000000 110.000000       97
 18.000000 111.000000       97
 18.000000 112.000000       97
 18.000000 113.000000       97
 18.000000 114.000000      104
 19.000000  96.000000       89
 19.000000  97.000000       89
 19.000000  98.000000       89
 19.000000  99.000000       89
 19.000000 100.000000       89
 19.000000 101.000000       92
 19.000000 102.000000       92
 19.000000 103.000000       92
 19.000000 104.000000       92
 19.000000 105.000000       92
 19.000000 106.000000       92
 19.000000 107.000000       97
 19.000000 108.000000       97
 19.000000 109.000000       97
 19.000000 110.000000       97
 19.000000 111.000000       97
 19.000000 112.000000       97
 19.000000 113.000000       97
 19.000000 114.000000      104
 19.000000 115.000000      104
 19.000000 116.000000      104
 19.000000 117.000000      104
 19.000000 118.000000      104
 19.000000 119.000000      104
 19.000000 120.000000      104
 19.000000 121.000000      104
 19.000000 122.000000      106
 20.000000  88.000000       82
 20.000000  94.000000       86
 20.000000  95.000000       89
 20.000000  96.000000       89
 20.000000  97.000000       89
 20.000000  98.000000       89
 20.000000  99.000000       89
 20.000000 100.000000       89
 20.000000 101.000000       92
 20.000000 102.000000       92
 20.000000 103.000000       92
 20.000000 104.000000       92
 20.000000 105.000000       92
 20.000000 106.000000       92
 20.000000 107.000000       97
 20.000000 108.000000       97
 20.000000 109.000000       97
 20.000000 110.000000       97
 20.000000 111.000000       97
 20.000000 112.000000       97
 20.000000 113.000000       97
 20.000000 114.000000      101
 20.000000 115.000000      104
 20.000000 116.000000      104
 20.000000 117.000000      104
 20.000000 118.000000      104
 20.000000 119.000000      104
 20.000000 120.000000      104
 20.000000 121.000000      106
 20.000000 122.000000      106
 20.000000 123.000000      106
 21.000000  85.000000       82
 21.000000  86.000000       82
 21.000000  87.000000       82
 21.000000  88.000000       82
 21.000000  89.000000       82
 21.000000  90.000000       82
 21.000000  91.000000       86
 21.000000  92.000000       86
 21.000000  93.000000       86
 21.000000  94.000000       86
 21.000000  95.000000       86
 21.000000  96.000000       89
 21.000000  97.000000       89
 21.000000  98.000000       89
 21.000000  99.000000       89
 21.000000 100.000000       89
 21.000000 101.000000       92
 21.000000 102.000000       92
 21.000000 103.000000       92
 21.000000 104.000000       92
 21.000000 105.000000       92
 21.000000 106.000000       92
 21.000000 107.000000       97
 21.000000 108.000000       97
 21.000000 109.000000       97
 21.000000 110.000000       97
 21.000000 111.000000       97
 21.000000 112.000000       97
 21.000000 113.000000      101
 21.000000 114.000000      101
 21.000000 115.000000      101
 21.000000 116.000000      104
 21.000000 117.000000      104
 21.000000 118.000000      104
 21.000000 119.000000      104
 21.000000 120.000000      104
 21.000000 121.000000      106
 21.000000 122.000000      106
 21.000000 123.000000      106
 21.000000 124.000000      106
 22.000000  79.000000       76
 22.000000  80.000000       76
 22.000000  81.000000       79
 22.000000  82.000000       79
 22.000000  83.000000       79
 22.000000  84.000000       79
 22.000000  85.000000       79
 22.000000  86.000000       82
 22.000000  87.000000       82
 22.000000  88.000000       82
 22.000000  89.000000       82
 22.000000  90.000000       82
 22.000000  91.000000       86
 22.000000  92.000000       86
 22.000000  93.000000       86
 22.000000  94.000000       86
 22.000000  95.000000       86
 22.000000  96.000000       89
 22.000000  97.000000       89
 22.000000  98.000000       89
 22.000000  99.000000       89
 22.000000 100.000000       89
 22.000000 101.000000       92
 22.000000 102.000000       92
 22.000000 103.000000       92
 22.000000 104.000000       92
 22.000000 105.000000       92
 22.000000 106.000000       92
 22.000000 107.000000       97
 22.000000 108.000000       97
 22.000000 109.000000       97
 22.000000 110.000000       97
 22.000000 111.000000       97
 22.000000 112.000000       97
 22.000000 113.000000      101
 22.000000 114.000000      101
 22.000000 115.000000      101
 22.000000 116.000000      104
 22.000000 117.000000      104
 22.000000 118.000000      104
 22.000000 119.000000      104
 22.000000 120.000000      106
 22.000000 121.000000      106
 22.000000 122.000000      106
 22.000000 123.000000      106
 22.000000 124.000000      106
 22.000000 125.000000      106
 23.000000  77.000000       76
 23.000000  78.000000       76
 23.000000  79.000000       76
 23.000000  80.000000       76
 23.000000  81.000000       79
 23.000000  82.000000       79
 23.000000  83.000000       79
 23.000000  84.000000       79
 23.000000  85.000000       79
 23.000000  86.000000       82
 23.000000  87.000000       82
 23.000000  88.000000       82
 23.000000  89.000000       82
 23.000000  90.000000       82
 23.000000  91.000000       86
 23.000000  92.000000       86
 23.000000  93.000000       86
 23.000000  94.000000       86
 23.000000  95.000000       86
 23.000000  96.000000       87
 23.000000  97.000000       87
 23.000000  98.000000       89
 23.000000  99.000000       91
 23.000000 100.000000       91
 23.000000 101.000000       91
 23.000000 102.000000       92
 23.000000 103.000000       92
 23.000000 104.000000       92
 23.000000 105.000000       94
 23.000000 106.000000       94
 23.000000 107.000000       94
 23.000000 108.000000       97
 23.000000 109.000000       97
 23.000000 110.000000       97
 23.000000 111.000000       97
 23.000000 112.000000       99
 23.000000 113.000000      101
 23.000000 114.000000      101
 23.000000 115.000000      101
 23.000000 116.000000      104
 23.000000 117.000000      105
 23.000000 118.000000      105
 23.000000 119.000000      105
 23.000000 120.000000      106
 23.000000 121.000000      106
 23.000000 122.000000      106
 23.000000 123.000000      106
 23.000000 124.000000      106
 23.000000 125.000000      106
 24.000000  73.000000       72
 24.000000  74.000000       72
 24.000000  75.000000       72
 24.000000  76.000000       72
 24.000000  77.000000       76
 24.000000  78.000000       76
 24.000000  79.000000       76
 24.000000  80.000000       76
 24.000000  81.000000       79
 24.000000  82.000000       79
 24.000000  83.000000       79
 24.000000  84.000000       79
 24.000000  85.000000       79
 24.000000  86.000000       82
 24.000000  87.000000       82
 24.000000  88.000000       82
 24.000000  89.000000       82
 24.000000  90.000000       82
 24.000000  91.000000       86
 24.000000  92.000000       86
 24.000000  93.000000       86
 24.000000  94.000000       86
 24.000000  95.000000       87
 24.000000  96.000000       87
 24.000000  97.000000       87
 24.000000  98.000000       87
 24.000000  99.000000       91
 24.000000 100.000000       91
 24.000000 101.000000       91
 24.000000 102.000000       92
 24.000000 103.000000       92
 24.000000 104.000000       94
 24.000000 105.000000       94
 24.000000 106.000000       94
 24.000000 107.000000       94
 24.000000 108.000000       95
 24.000000 109.000000       95
 24.000000 110.000000       95
 24.000000 111.000000       99
 24.000000 112.000000       99
 24.000000 113.000000       99
 24.000000 114.000000      102
 24.000000 115.000000      102
 24.000000 116.000000      102
 24.000000 117.000000      105
 24.000000 118.000000      105
 24.000000 119.000000      105
 24.000000 120.000000      106
 24.000000 121.000000      106
 24.000000 122.000000      106
 24.000000 123.000000      106
 24.000000 124.000000      106
 24.000000 125.000000      106
 24.000000 126.000000      106
 25.000000  70.000000       69
 25.000000  71.000000       69
 25.000000  72.000000       72
 25.000000  73.000000       72
 25.000000  74.000000       72
 25.000000  75.000000       72
 25.000000  76.000000       72
 25.000000  77.000000       76
 25.000000  78.000000       76
 25.000000  79.000000       76
 25.000000  80.000000       76
 25.000000  81.000000       76
 25.000000  82.000000       79
 25.000000  83.000000       79
 25.000000  84.000000       79
 25.000000  85.000000       79
 25.000000  86.000000       80
 25.000000  87.000000       80
 25.000000  88.000000       82
 25.000000  89.000000       82
 25.000000  90.000000       83
 25.000000  91.000000       83
 25.000000  92.000000       83
 25.000000  93.000000       86
 25.000000  94.000000       85
 25.000000  95.000000       87
 25.000000  96.000000       87
 25.000000  97.000000       87
 25.000000  98.000000       88
 25.000000  99.000000       88
 25.000000 100.000000       91
 25.000000 101.000000       91
 25.000000 102.000000       90
 25.000000 103.000000       90
 25.000000 104.000000       94
 25.000000 105.000000       94
 25.000000 106.000000       94
 25.000000 107.000000       94
 25.000000 108.000000       95
 25.000000 109.000000       95
 25.000000 110.000000       95
 25.000000 111.000000       98
 25.000000 112.000000       99
 25.000000 113.000000       99
 25.000000 114.000000      102
 25.000000 115.000000      102
 25.000000 116.000000      102
 25.000000 117.000000      105
 25.000000 118.000000      105
 25.000000 119.000000      103
 25.000000 120.000000      106
 25.000000 121.000000      106
 25.000000 122.000000      106
 25.000000 123.000000      106
 25.000000 124.000000      106
 25.000000 125.000000      106
 25.000000 126.000000      106
 26.000000  68.000000       69
 26.000000  69.000000       69
 26.000000  70.000000       69
 26.000000  71.000000       69
 26.000000  72.000000       72
 26.000000  73.000000       72
 26.000000  74.000000       72
 26.000000  75.000000       72
 26.000000  76.000000       72
 26.000000  77.000000       76
 26.000000  78.000000       76
 26.000000  79.000000       76
 26.000000  80.000000       76
 26.000000  81.000000       76
 26.000000  82.000000       79
 26.000000  83.000000       79
 26.000000  84.000000       79
 26.000000  85.000000       80
 26.000000  86.000000       80
 26.000000  87.000000       80
 26.000000  88.000000       80
 26.000000  89.000000       83
 26.000000  90.000000       83
 26.000000  91.000000       83
 26.000000  92.000000       83
 26.000000  93.000000       85
 26.000000  94.000000       85
 26.000000  95.000000       85
 26.000000  96.000000       87
 26.000000  97.000000       88
 26.000000  98.000000       88
 26.000000  99.000000       88
 26.000000 100.000000       90
 26.000000 101.000000       90
 26.000000 102.000000       90
 26.000000 103.000000       90
 26.000000 104.000000       90
 26.000000 105.000000       93
 26.000000 106.000000       93
 26.000000 107.000000       93
 26.000000 108.000000       93
 26.000000 109.000000       95
 26.000000 110.000000       98
 26.000000 111.000000       98
 26.000000 112.000000       98
 26.000000 113.000000      100
 26.000000 114.000000      100
 26.000000 115.000000      102
 26.000000 116.000000      103
 26.000000 117.000000      103
 26.000000 118.000000      103
 26.000000 119.000000      103
 26.000000 120.000000      103
 26.000000 121.000000      106
 26.000000 122.000000      106
 26.000000 123.000000      106
 26.000000 124.000000      106
 26.000000 125.000000      106
 27.000000  66.000000       65
 27.000000  67.000000       65
 27.000000  68.000000       69
 27.000000  69.000000       69
 27.000000  70.000000       69
 27.000000  71.000000       69
 27.000000  72.000000       69
 27.000000  73.000000       72
 27.000000  74.000000       72
 27.000000  75.000000       72
 27.000000  76.000000       72
 27.000000  77.000000       76
 27.000000  78.000000       76
 27.000000  79.000000       76
 27.000000  80.000000       76
 27.000000  81.000000       77
 27.000000  82.000000       77
 27.000000  83.000000       77
 27.000000  84.000000       79
 27.000000  85.000000       80
 27.000000  86.000000       80
 27.000000  87.000000       80
 27.000000  88.000000       80
 27.000000  89.000000       83
 27.000000  90.000000       83
 27.000000  91.000000       83
 27.000000  92.000000       83
 27.000000  93.000000       85
 27.000000  94.000000       85
 27.000000  95.000000       85
 27.000000  96.000000       84
 27.000000  97.000000       84
 27.000000  98.000000       88
 27.000000  99.000000       88
 27.000000 100.000000       90
 27.000000 101.000000       90
 27.000000 102.000000       90
 27.000000 103.000000       90
 27.000000 104.000000       90
 27.000000 105.000000       93
 27.000000 106.000000       93
 27.000000 107.000000       93
 27.000000 108.000000       93
 27.000000 109.000000       93
 27.000000 110.000000       96
 27.000000 111.000000       96
 27.000000 112.000000       96
 27.000000 113.000000      100
 27.000000 114.000000      100
 27.000000 115.000000      100
 27.000000 116.000000      103
 27.000000 117.000000      103
 27.000000 118.000000      103
 27.000000 119.000000      103
 27.000000 120.000000      103
 27.000000 121.000000      103
 27.000000 122.000000      106
 27.000000 123.000000      106
 27.000000 124.000000      106
 28.000000  64.000000       65
 28.000000  65.000000       65
 28.000000  66.000000       65
 28.000000  67.000000       65
 28.000000  68.000000       69
 28.000000  69.000000       69
 28.000000  70.000000       69
 28.000000  71.000000       69
 28.000000  72.000000       69
 28.000000  73.000000       72
 28.000000  74.000000       72
 28.000000  75.000000       73
 28.000000  76.000000       73
 28.000000  77.000000       75
 28.000000  78.000000       75
 28.000000  79.000000       75
 28.000000  80.000000       74
 28.000000  81.000000       77
 28.000000  82.000000       77
 28.000000  83.000000       77
 28.000000  84.000000       78
 28.000000  85.000000       78
 28.000000  86.000000       78
 28.000000  87.000000       78
 28.000000  88.000000       78
 28.000000  89.000000       81
 28.000000  90.000000       81
 28.000000  91.000000       81
 28.000000  92.000000       81
 28.000000  93.000000       81
 28.000000  94.000000       85
 28.000000  95.000000       84
 28.000000  96.000000       84
 28.000000  97.000000       84
 28.000000  98.000000       84
 28.000000  99.000000       84
 28.000000 100.000000       90
 28.000000 101.000000       90
 28.000000 102.000000       90
 28.000000 103.000000       90
 28.000000 104.000000       90
 28.000000 105.000000       93
 28.000000 106.000000       93
 28.000000 107.000000       93
 28.000000 108.000000       93
 28.000000 109.000000       93
 28.000000 110.000000       96
 28.000000 111.000000       96
 28.000000 112.000000       96
 28.000000 113.000000      100
 28.000000 114.000000      100
 28.000000 115.000000      100
 28.000000 116.000000      103
 28.000000 117.000000      103
 28.000000 118.000000      103
 28.000000 119.000000      103
 28.000000 120.000000      103
 28.000000 121.000000      103
 28.000000 122.000000      106
 29.000000  62.000000       64
 29.000000  63.000000       64
 29.000000  64.000000       65
 29.000000  65.000000       65
 29.000000  66.000000       65
 29.000000  67.000000       65
 29.000000  68.000000       65
 29.000000  69.000000       69
 29.000000  70.000000       69
 29.000000  71.000000       69
 29.000000  72.000000       69
 29.000000  73.000000       71
 29.000000  74.000000       73
 29.000000  75.000000       73
 29.000000  76.000000       73
 29.000000  77.000000       75
 29.000000  78.000000       75
 29.000000  79.000000       75
 29.000000  80.000000       74
 29.000000  81.000000       74
 29.000000  82.000000       77
 29.000000  83.000000       77
 29.000000  84.000000       78
 29.000000  85.000000       78
 29.000000  86.000000       78
 29.000000  87.000000       78
 29.000000  88.000000       78
 29.000000  89.000000       81
 29.000000  90.000000       81
 29.000000  91.000000       81
 29.000000  92.000000       81
 29.000000  93.000000       81
 29.000000  94.000000       81
 29.000000  95.000000       84
 29.000000  96.000000       84
 29.000000  97.000000       84
 29.000000  98.000000       84
 29.000000  99.000000       84
 29.000000 100.000000       90
 29.000000 101.000000       90
 29.000000 102.000000       90
 29.000000 103.000000       90
 29.000000 104.000000       90
 29.000000 105.000000       93
 29.000000 106.000000       93
 29.000000 107.000000       93
 29.000000 108.000000       93
 29.000000 109.000000       93
 29.000000 110.000000       96
 29.000000 111.000000       96
 29.000000 112.000000       96
 29.000000 113.000000      100
 29.000000 114.000000      100
 29.000000 115.000000      100
 29.000000 116.000000      103
 29.000000 117.000000      103
 29.000000 118.000000      103
 29.000000 119.000000      103
 29.000000 120.000000      103
 29.000000 121.000000      103
 30.000000  60.000000       61
 30.000000  61.000000       61
 30.000000  62.000000       64
 30.000000  63.000000       64
 30.000000  64.000000       64
 30.000000  65.000000       65
 30.000000  66.000000       65
 30.000000  67.000000       65
 30.000000  68.000000       65
 30.000000  69.000000       67
 30.000000  70.000000       67
 30.000000  71.000000       69
 30.000000  72.000000       71
 30.000000  73.000000       71
 30.000000  74.000000       71
 30.000000  75.000000       73
 30.000000  76.000000       73
 30.000000  77.000000       75
 30.000000  78.000000       75
 30.000000  79.000000       74
 30.000000  80.000000       74
 30.000000  81.000000       74
 30.000000  82.000000       74
 30.000000  83.000000       74
 30.000000  84.000000       78
 30.000000  85.000000       78
 30.000000  86.000000       78
 30.000000  87.000000       78
 30.000000  88.000000       78
 30.000000  89.000000       81
 30.000000  90.000000       81
 30.000000  91.000000       81
 30.000000  92.000000       81
 30.000000  93.000000       81
 30.000000  94.000000       81
 30.000000  95.000000       84
 30.000000  96.000000       84
 30.000000  97.000000       84
 30.000000  98.000000       84
 30.000000  99.000000       84
 30.000000 100.000000       90
 30.000000 101.000000       90
 30.000000 102.000000       90
 30.000000 103.000000       90
 30.000000 104.000000       90
 30.000000 105.000000       93
 30.000000 106.000000       93
 30.000000 107.000000       93
 30.000000 108.000000       93
 30.000000 109.000000       93
 30.000000 110.000000       96
 30.000000 111.000000       96
 30.000000 112.000000       96
 30.000000 113.000000       96
 30.000000 114.000000      100
 30.000000 115.000000      100
 30.000000 116.000000      103
 30.000000 117.000000      103
 30.000000 118.000000      103
 31.000000  58.000000       61
 31.000000  59.000000       61
 31.000000  60.000000       61
 31.000000  61.000000       61
 31.000000  62.000000       64
 31.000000  63.000000       64
 31.000000  64.000000       64
 31.000000  65.000000       65
 31.000000  66.000000       65
 31.000000  67.000000       65
 31.000000  68.000000       67
 31.000000  69.000000       67
 31.000000  70.000000       67
 31.000000  71.000000       68
 31.000000  72.000000       71
 31.000000  73.000000       71
 31.000000  74.000000       71
 31.000000  75.000000       70
 31.000000  76.000000       70
 31.000000  77.000000       70
 31.000000  78.000000       74
 31.000000  79.000000       74
 31.000000  80.000000       74
 31.000000  81.000000       74
 31.000000  82.000000       74
 31.000000  83.000000       74
 31.000000  84.000000       78
 31.000000  85.000000       78
 31.000000  86.000000       78
 31.000000  87.000000       78
 31.000000  88.000000       78
 31.000000  89.000000       81
 31.000000  90.000000       81
 31.000000  91.000000       81
 31.000000  92.000000       81
 31.000000  93.000000       81
 31.000000  94.000000       81
 31.000000  95.000000       84
 31.000000  96.000000       84
 31.000000  97.000000       84
 31.000000  98.000000       84
 32.000000  57.000000       61
 32.000000  58.000000       61
 32.000000  59.000000       61
 32.000000  60.000000       61
 32.000000  61.000000       61
 32.000000  62.000000       64
 32.000000  63.000000       64
 32.000000  64.000000       64
 32.000000  65.000000       64
 32.000000  66.000000       65
 32.000000  67.000000       65
 32.000000  68.000000       67
 32.000000  69.000000       67
 32.000000  70.000000       67
 32.000000  71.000000       68
 32.000000  72.000000       68
 32.000000  73.000000       70
 32.000000  74.000000       70
 32.000000  75.000000       70
 32.000000  76.000000       70
 32.000000  77.000000       70
 32.000000  78.000000       74
 32.000000  79.000000       74
 32.000000  80.000000       74
 32.000000  81.000000       74
 32.000000  82.000000       74
 32.000000  83.000000       74
 32.000000  84.000000       78
 32.000000  85.000000       78
 32.000000  86.000000       78
 32.000000  87.000000       78
 32.000000  88.000000       78
 32.000000  89.000000       81
 32.000000  90.000000       81
 32.000000  91.000000       81
 32.000000  92.000000       81
 32.000000  93.000000       81
 33.000000  55.000000       55
 33.000000  56.000000       55
 33.000000  57.000000       55
 33.000000  58.000000       61
 33.000000  59.000000       61
 33.000000  60.000000       61
 33.000000  61.000000       61
 33.000000  62.000000       61
 33.000000  63.000000       64
 33.000000  64.000000       64
 33.000000  65.000000       64
 33.000000  66.000000       65
 33.000000  67.000000       66
 33.000000  68.000000       66
 33.000000  69.000000       66
 33.000000  70.000000       66
 33.000000  71.000000       68
 33.000000  72.000000       68
 33.000000  73.000000       70
 33.000000  74.000000       70
 33.000000  75.000000       70
 33.000000  76.000000       70
 33.000000  77.000000       70
 33.000000  78.000000       70
 33.000000  79.000000       74
 33.000000  80.000000       74
 33.000000  81.000000       74
 33.000000  82.000000       74
 33.000000  83.000000       74
 34.000000  54.000000       55
 34.000000  55.000000       55
 34.000000  56.000000       55
 34.000000  57.000000       55
 34.000000  58.000000       61
 34.000000  59.000000       61
 34.000000  60.000000       61
 34.000000  61.000000       61
 34.000000  62.000000       62
 34.000000  63.000000       62
 34.000000  64.000000       64
 34.000000  65.000000       63
 34.000000  66.000000       63
 34.000000  67.000000       66
 34.000000  68.000000       66
 34.000000  69.000000       66
 34.000000  70.000000       66
 34.000000  71.000000       66
 34.000000  72.000000       66
 34.000000  73.000000       70
 34.000000  74.000000       70
 34.000000  75.000000       70
 34.000000  76.000000       70
 34.000000  77.000000       70
 34.000000  78.000000       70
 34.000000  79.000000       74
 34.000000  80.000000       74
 35.000000  53.000000       55
 35.000000  54.000000       55
 35.000000  55.000000       55
 35.000000  56.000000       55
 35.000000  57.000000       55
 35.000000  58.000000       55
 35.000000  59.000000       61
 35.000000  60.000000       61
 35.000000  61.000000       62
 35.000000  62.000000       62
 35.000000  63.000000       62
 35.000000  64.000000       63
 35.000000  65.000000       63
 35.000000  66.000000       63
 35.000000  67.000000       66
 35.000000  68.000000       66
 35.000000  69.000000       66
 35.000000  70.000000       66
 35.000000  71.000000       66
 35.000000  72.000000       66
 35.000000  73.000000       70
 35.000000  74.000000       70
 35.000000  75.000000       70
 35.000000  76.000000       70
 35.000000  77.000000       70
 36.000000  52.000000       51
 36.000000  53.000000       51
 36.000000  54.000000       55
 36.000000  55.000000       55
 36.000000  56.000000       55
 36.000000  57.000000       55
 36.000000  58.000000       55
 36.000000  59.000000       58
 36.000000  60.000000       58
 36.000000  61.000000       62
 36.000000  62.000000       62
 36.000000  63.000000       62
 36.000000  64.000000       63
 36.000000  65.000000       63
 36.000000  66.000000       63
 36.000000  67.000000       66
 36.000000  68.000000       66
 36.000000  69.000000       66
 36.000000  70.000000       66
 36.000000  71.000000       66
 36.000000  72.000000       66
 36.000000  73.000000       66
 36.000000  74.000000       70
 36.000000  75.000000       70
 37.000000  51.000000       51
 37.000000  52.000000       51
 37.000000  53.000000       51
 37.000000  54.000000       51
 37.000000  55.000000       55
 37.000000  56.000000       55
 37.000000  57.000000       55
 37.000000  58.000000       55
 37.000000  59.000000       58
 37.000000  60.000000       58
 37.000000  61.000000       58
 37.000000  62.000000       60
 37.000000  63.000000       60
 37.000000  64.000000       63
 37.000000  65.000000       63
 37.000000  66.000000       63
 37.000000  67.000000       66
 37.000000  68.000000       66
 37.000000  69.000000       66
 37.000000  70.000000       66
 37.000000  71.000000       66
 37.000000  72.000000       66
 37.000000  73.000000       66
 38.000000  50.000000       51
 38.000000  51.000000       51
 38.000000  52.000000       51
 38.000000  53.000000       51
 38.000000  54.000000       51
 38.000000  55.000000       51
 38.000000  56.000000       55
 38.000000  57.000000       54
 38.000000  58.000000       54
 38.000000  59.000000       58
 38.000000  60.000000       58
 38.000000  61.000000       60
 38.000000  62.000000       60
 38.000000  63.000000       60
 38.000000  64.000000       59
 38.000000  65.000000       59
 38.000000  66.000000       59
 38.000000  67.000000       59
 38.000000  68.000000       66
 38.000000  69.000000       66
 38.000000  70.000000       66
 38.000000  71.000000       66
 39.000000  49.000000       49
 39.000000  50.000000       49
 39.000000  51.000000       51
 39.000000  52.000000       51
 39.000000  53.000000       51
 39.000000  54.000000       51
 39.000000  55.000000       51
 39.000000  56.000000       54
 39.000000  57.000000       54
 39.000000  58.000000       54
 39.000000  59.000000       56
 39.000000  60.000000       56
 39.000000  61.000000       60
 39.000000  62.000000       60
 39.000000  63.000000       59
 39.000000  64.000000       59
 39.000000  65.000000       59
 39.000000  66.000000       59
 39.000000  67.000000       59
 39.000000  68.000000       59
 39.000000  69.000000       66
 39.000000  70.000000       66
 40.000000  47.000000       49
 40.000000  48.000000       49
 40.000000  49.000000       49
 40.000000  50.000000       49
 40.000000  51.000000       49
 40.000000  52.000000       51
 40.000000  53.000000       51
 40.000000  54.000000       51
 40.000000  55.000000       51
 40.000000  56.000000       54
 40.000000  57.000000       54
 40.000000  58.000000       54
 40.000000  59.000000       56
 40.000000  60.000000       56
 40.000000  61.000000       57
 40.000000  62.000000       57
 40.000000  63.000000       57
 40.000000  64.000000       59
 40.000000  65.000000       59
 40.000000  66.000000       59
 40.000000  67.000000       59
 40.000000  68.000000       59
 40.000000  69.000000       59
 41.000000  46.000000       46
 41.000000  47.000000       49
 41.000000  48.000000       49
 41.000000  49.000000       49
 41.000000  50.000000       49
 41.000000  51.000000       49
 41.000000  52.000000       49
 41.000000  53.000000       51
 41.000000  54.000000       51
 41.000000  55.000000       51
 41.000000  56.000000       54
 41.000000  57.000000       54
 41.000000  58.000000       54
 41.000000  59.000000       56
 41.000000  60.000000       56
 41.000000  61.000000       57
 41.000000  62.000000       57
 41.000000  63.000000       57
 41.000000  64.000000       59
 41.000000  65.000000       59
 41.000000  66.000000       59
 41.000000  67.000000       59
 41.000000  68.000000       59
 42.000000  44.000000       46
 42.000000  45.000000       46
 42.000000  46.000000       46
 42.000000  47.000000       46
 42.000000  48.000000       49
 42.000000  49.000000       49
 42.000000  50.000000       49
 42.000000  51.000000       49
 42.000000  52.000000       49
 42.000000  53.000000       50
 42.000000  54.000000       50
 42.000000  55.000000       50
 42.000000  56.000000       52
 42.000000  57.000000       52
 42.000000  58.000000       53
 42.000000  59.000000       53
 42.000000  60.000000       53
 42.000000  61.000000       53
 42.000000  62.000000       57
 42.000000  63.000000       57
 42.000000  64.000000       59
 42.000000  65.000000       59
 42.000000  66.000000       59
 43.000000  43.000000       43
 43.000000  44.000000       46
 43.000000  45.000000       46
 43.000000  46.000000       46
 43.000000  47.000000       46
 43.000000  48.000000       49
 43.000000  49.000000       49
 43.000000  50.000000       49
 43.000000  51.000000       49
 43.000000  52.000000       49
 43.000000  53.000000       50
 43.000000  54.000000       50
 43.000000  55.000000       50
 43.000000  56.000000       52
 43.000000  57.000000       52
 43.000000  58.000000       53
 43.000000  59.000000       53
 43.000000  60.000000       53
 43.000000  61.000000       53
 43.000000  62.000000       53
 43.000000  63.000000       53
 43.000000  64.000000       59
 43.000000  65.000000       59
 44.000000  41.000000       43
 44.000000  42.000000       43
 44.000000  43.000000       43
 44.000000  44.000000       46
 44.000000  45.000000       46
 44.000000  46.000000       46
 44.000000  47.000000       46
 44.000000  48.000000       46
 44.000000  49.000000       49
 44.000000  50.000000       49
 44.000000  51.000000       49
 44.000000  52.000000       49
 44.000000  53.000000       50
 44.000000  54.000000       50
 44.000000  55.000000       50
 44.000000  56.000000       52
 44.000000  57.000000       52
 44.000000  58.000000       53
 44.000000  59.000000       53
 44.000000  60.000000       53
 44.000000  61.000000       53
 44.000000  62.000000       53
 44.000000  63.000000       53
 44.000000  64.000000       53
 45.000000  40.000000       43
 45.000000  41.000000       43
 45.000000  42.000000       43
 45.000000  43.000000       43
 45.000000  44.000000       43
 45.000000  45.000000       46
 45.000000  46.000000       46
 45.000000  47.000000       46
 45.000000  48.000000       47
 45.000000  49.000000       47
 45.000000  50.000000       47
 45.000000  51.000000       47
 45.000000  52.000000       48
 45.000000  53.000000       48
 45.000000  54.000000       48
 45.000000  55.000000       48
 45.000000  56.000000       48
 45.000000  57.000000       48
 45.000000  58.000000       53
 45.000000  59.000000       53
 45.000000  60.000000       53
 45.000000  61.000000       53
 45.000000  62.000000       53
 45.000000  63.000000       53
 46.000000  39.000000       43
 46.000000  40.000000       43
 46.000000  41.000000       43
 46.000000  42.000000       43
 46.000000  43.000000       43
 46.000000  44.000000       43
 46.000000  45.000000       46
 46.000000  46.000000       46
 46.000000  47.000000       46
 46.000000  48.000000       47
 46.000000  49.000000       47
 46.000000  50.000000       47
 46.000000  51.000000       47
 46.000000  52.000000       48
 46.000000  53.000000       48
 46.000000  54.000000       48
 46.000000  55.000000       48
 46.000000  56.000000       48
 46.000000  57.000000       48
 46.000000  58.000000       53
 46.000000  59.000000       53
 46.000000  60.000000       53
 46.000000  61.000000       53
 47.000000  38.000000       42
 47.000000  39.000000       42
 47.000000  40.000000       42
 47.000000  41.000000       43
 47.000000  42.000000       43
 47.000000  43.000000       43
 47.000000  44.000000       43
 47.000000  45.000000       44
 47.000000  46.000000       44
 47.000000  47.000000       44
 47.000000  48.000000       47
 47.000000  49.000000       47
 47.000000  50.000000       47
 47.000000  51.000000       45
 47.000000  52.000000       45
 47.000000  53.000000       48
 47.000000  54.000000       48
 47.000000  55.000000       48
 47.000000  56.000000       48
 47.000000  57.000000       48
 47.000000  58.000000       53
 47.000000  59.000000       53
 48.000000  37.000000       42
 48.000000  38.000000       42
 48.000000  39.000000       42
 48.000000  40.000000       42
 48.000000  41.000000       42
 48.000000  42.000000       43
 48.000000  43.000000       43
 48.000000  44.000000       44
 48.000000  45.000000       44
 48.000000  46.000000       44
 48.000000  47.000000       44
 48.000000  48.000000       44
 48.000000  49.000000       45
 48.000000  50.000000       45
 48.000000  51.000000       45
 48.000000  52.000000       45
 48.000000  53.000000       45
 48.000000  54.000000       48
 48.000000  55.000000       48
 48.000000  56.000000       48
 48.000000  57.000000       48
 49.000000  37.000000       42
 49.000000  38.000000       42
 49.000000  39.000000       42
 49.000000  40.000000       42
 49.000000  41.000000       42
 49.000000  42.000000       42
 49.000000  43.000000       42
 49.000000  44.000000       44
 49.000000  45.000000       44
 49.000000  46.000000       44
 49.000000  47.000000       44
 49.000000  48.000000       44
 49.000000  49.000000       45
 49.000000  50.000000       45
 49.000000  51.000000       45
 49.000000  52.000000       45
 49.000000  53.000000       45
 49.000000  54.000000       45
 49.000000  55.000000       48
 49.000000  56.000000       48
 50.000000  36.000000       40
 50.000000  37.000000       42
 50.000000  38.000000       42
 50.000000  39.000000       42
 50.000000  40.000000       42
 50.000000  41.000000       42
 50.000000  42.000000       42
 50.000000  43.000000       42
 50.000000  44.000000       44
 50.000000  45.000000       44
 50.000000  46.000000       44
 50.000000  47.000000       44
 50.000000  48.000000       44
 50.000000  49.000000       45
 50.000000  50.000000       45
 50.000000  51.000000       45
 50.000000  52.000000       45
 50.000000  53.000000       45
 50.000000  54.000000       45
 50.000000  55.000000       45
 50.000000  56.000000       45
 51.000000  36.000000       40
 51.000000  37.000000       40
 51.000000  38.000000       42
 51.000000  39.000000       42
 51.000000  40.000000       42
 51.000000  41.000000       42
 51.000000  42.000000       42
 51.000000  43.000000       42
 51.000000  44.000000       44
 51.000000  48.000000       45
 51.000000  49.000000       45
 51.000000  50.000000       45
 51.000000  51.000000       45
 51.000000  52.000000       45
 51.000000  53.000000       45
 51.000000  54.000000       45
 51.000000  55.000000       45
 52.000000  35.000000       40
 52.000000  36.000000       40
 52.000000  37.000000       40
 52.000000  38.000000       40
 52.000000  39.000000       41
 52.000000  40.000000       41
 52.000000  41.000000       41
 52.000000  42.000000       41
 52.000000  43.000000       41
 52.000000  50.000000       45
 52.000000  51.000000       45
 52.000000  52.000000       45
 52.000000  53.000000       45
 52.000000  54.000000       45
 53.000000  34.000000       40
 53.000000  35.000000       40
 53.000000  36.000000       40
 53.000000  37.000000       40
 53.000000  38.000000       40
 53.000000  39.000000       41
 53.000000  40.000000       41
 53.000000  41.000000       41
 53.000000  42.000000       41
 53.000000  51.000000       45
 53.000000  52.000000       45
 53.000000  53.000000       45
 54.000000  33.000000       40
 54.000000  34.000000       40
 54.000000  35.000000       40
 54.000000  36.000000       40
 54.000000  37.000000       40
 54.000000  38.000000       40
 54.000000  39.000000       41
 54.000000  40.000000       41
 54.000000  41.000000       41
 54.000000  42.000000       41
 55.000000  32.000000       38
 55.000000  33.000000       38
 55.000000  34.000000       40
 55.000000  35.000000       40
 55.000000  36.000000       40
 55.000000  37.000000       40
 55.000000  38.000000       40
 55.000000  39.000000       41
 55.000000  40.000000       41
 55.000000  41.000000       41
 55.000000  42.000000       41
 56.000000  31.000000       38
 56.000000  32.000000       38
 56.000000  33.000000       38
 56.000000  34.000000       38
 56.000000  35.000000       40
 56.000000  36.000000       40
 56.000000  37.000000       40
 56.000000  38.000000       40
 56.000000  39.000000       41
 56.000000  40.000000       41
 56.000000  41.000000       41
 56.000000  42.000000       41
 57.000000  30.000000       38
 57.000000  31.000000       38
 57.000000  32.000000       38
 57.000000  33.000000       38
 57.000000  34.000000       38
 57.000000  35.000000       38
 57.000000  36.000000       40
 57.000000  37.000000       40
 57.000000  38.000000       40
 57.000000  39.000000       39
 57.000000  40.000000       39
 57.000000  41.000000       39
 57.000000  42.000000       39
 58.000000  29.000000       33
 58.000000  30.000000       38
 58.000000  31.000000       38
 58.000000  32.000000       38
 58.000000  33.000000       38
 58.000000  34.000000       38
 58.000000  35.000000       38
 58.000000  36.000000       37
 58.000000  37.000000       37
 58.000000  38.000000       39
 58.000000  39.000000       39
 58.000000  40.000000       39
 58.000000  41.000000       39
 58.000000  42.000000       39
 59.000000  28.000000       33
 59.000000  29.000000       33
 59.000000  30.000000       33
 59.000000  31.000000       38
 59.000000  32.000000       38
 59.000000  33.000000       38
 59.000000  34.000000       38
 59.000000  35.000000       37
 59.000000  36.000000       37
 59.000000  37.000000       37
 59.000000  38.000000       39
 59.000000  39.000000       39
 59.000000  40.000000       39
 59.000000  41.000000       39
 59.000000  42.000000       39
 60.000000  27.000000       33
 60.000000  28.000000       33
 60.000000  29.000000       33
 60.000000  30.000000       33
 60.000000  31.000000       33
 60.000000  32.000000       38
 60.000000  33.000000       38
 60.000000  34.000000       37
 60.000000  35.000000       37
 60.000000  36.000000       37
 60.000000  37.000000       37
 60.000000  38.000000       39
 60.000000  39.000000       39
 60.000000  40.000000       39
 60.000000  41.000000       39
 60.000000  42.000000       39
 60.000000  43.000000       39
 60.000000  44.000000       39
 61.000000  26.000000       33
 61.000000  27.000000       33
 61.000000  28.000000       33
 61.000000  29.000000       33
 61.000000  30.000000       33
 61.000000  31.000000       33
 61.000000  32.000000       36
 61.000000  33.000000       36
 61.000000  34.000000       36
 61.000000  35.000000       37
 61.000000  36.000000       37
 61.000000  37.000000       37
 61.000000  38.000000       39
 61.000000  39.000000       39
 61.000000  40.000000       39
 61.000000  41.000000       39
 61.000000  42.000000       39
 61.000000  43.000000       39
 61.000000  44.000000       39
 61.000000  45.000000       39
 62.000000  24.000000       28
 62.000000  25.000000       28
 62.000000  26.000000       33
 62.000000  27.000000       33
 62.000000  28.000000       33
 62.000000  29.000000       33
 62.000000  30.000000       33
 62.000000  31.000000       33
 62.000000  32.000000       36
 62.000000  33.000000       36
 62.000000  34.000000       36
 62.000000  35.000000       35
 62.000000  36.000000       35
 62.000000  37.000000       35
 62.000000  38.000000       35
 62.000000  39.000000       39
 62.000000  40.000000       39
 62.000000  41.000000       39
 62.000000  42.000000       39
 62.000000  43.000000       39
 62.000000  44.000000       39
 62.000000  45.000000       39
 63.000000  23.000000       28
 63.000000  24.000000       28
 63.000000  25.000000       28
 63.000000  26.000000       28
 63.000000  27.000000       33
 63.000000  28.000000       33
 63.000000  29.000000       33
 63.000000  30.000000       33
 63.000000  31.000000       33
 63.000000  32.000000       36
 63.000000  33.000000       36
 63.000000  34.000000       36
 63.000000  35.000000       35
 63.000000  36.000000       35
 63.000000  37.000000       35
 63.000000  38.000000       35
 63.000000  39.000000       35
 63.000000  40.000000       39
 63.000000  41.000000       39
 63.000000  42.000000       39
 63.000000  43.000000       39
 63.000000  44.000000       39
 64.000000  21.000000       28
 64.000000  22.000000       28
 64.000000  23.000000       28
 64.000000  24.000000       28
 64.000000  25.000000       28
 64.000000  26.000000       28
 64.000000  27.000000       30
 64.000000  28.000000       30
 64.000000  29.000000       33
 64.000000  30.000000       33
 64.000000  31.000000       33
 64.000000  32.000000       34
 64.000000  33.000000       34
 64.000000  34.000000       34
 64.000000  35.000000       35
 64.000000  36.000000       35
 64.000000  37.000000       35
 64.000000  38.000000       35
 64.000000  39.000000       35
 64.000000  40.000000       35
 64.000000  41.000000       35
 64.000000  42.000000       39
 64.000000  43.000000       39
 65.000000  20.000000       28
 65.000000  21.000000       28
 65.000000  22.000000       28
 65.000000  23.000000       28
 65.000000  24.000000       28
 65.000000  25.000000       28
 65.000000  26.000000       28
 65.000000  27.000000       30
 65.000000  28.000000       30
 65.000000  29.000000       30
 65.000000  30.000000       32
 65.000000  31.000000       32
 65.000000  32.000000       34
 65.000000  33.000000       34
 65.000000  34.000000       34
 65.000000  35.000000       35
 65.000000  36.000000       35
 65.000000  37.000000       35
 65.000000  38.000000       35
 65.000000  39.000000       35
 65.000000  40.000000       35
 65.000000  41.000000       35
 65.000000  42.000000       35
 66.000000  19.000000       15
 66.000000  20.000000       15
 66.000000  21.000000       28
 66.000000  22.000000       28
 66.000000  23.000000       28
 66.000000  24.000000       28
 66.000000  25.000000       28
 66.000000  26.000000       28
 66.000000  27.000000       30
 66.000000  28.000000       30
 66.000000  29.000000       30
 66.000000  30.000000       32
 66.000000  31.000000       32
 66.000000  32.000000       34
 66.000000  33.000000       34
 66.000000  34.000000       34
 66.000000  35.000000       35
 66.000000  36.000000       35
 66.000000  37.000000       35
 66.000000  38.000000       35
 66.000000  39.000000       35
 66.000000  40.000000       35
 66.000000  41.000000       35
 66.000000  42.000000       35
 67.000000  17.000000       15
 67.000000  18.000000       15
 67.000000  19.000000       15
 67.000000  20.000000       15
 67.000000  21.000000       15
 67.000000  22.000000       28
 67.000000  23.000000       28
 67.000000  24.000000       28
 67.000000  25.000000       28
 67.000000  26.000000       26
 67.000000  27.000000       30
 67.000000  28.000000       30
 67.000000  29.000000       30
 67.000000  30.000000       32
 67.000000  31.000000       32
 67.000000  32.000000       31
 67.000000  33.000000       31
 67.000000  34.000000       31
 67.000000  35.000000       31
 67.000000  36.000000       35
 67.000000  37.000000       35
 67.000000  38.000000       35
 67.000000  39.000000       35
 67.000000  40.000000       35
 68.000000  16.000000       15
 68.000000  17.000000       15
 68.000000  18.000000       15
 68.000000  19.000000       15
 68.000000  20.000000       15
 68.000000  21.000000       16
 68.000000  22.000000       16
 68.000000  23.000000       16
 68.000000  24.000000       28
 68.000000  25.000000       26
 68.000000  26.000000       26
 68.000000  27.000000       26
 68.000000  28.000000       29
 68.000000  29.000000       29
 68.000000  30.000000       29
 68.000000  31.000000       31
 68.000000  32.000000       31
 68.000000  33.000000       31
 68.000000  34.000000       31
 68.000000  35.000000       31
 68.000000  36.000000       31
 68.000000  37.000000       35
 68.000000  38.000000       35
 69.000000  15.000000        1
 69.000000  16.000000        1
 69.000000  17.000000       15
 69.000000  18.000000       15
 69.000000  19.000000       15
 69.000000  20.000000       15
 69.000000  21.000000       16
 69.000000  22.000000       16
 69.000000  23.000000       16
 69.000000  24.000000       17
 69.000000  25.000000       26
 69.000000  26.000000       26
 69.000000  27.000000       26
 69.000000  28.000000       29
 69.000000  29.000000       29
 69.000000  30.000000       29
 69.000000  31.000000       31
 69.000000  32.000000       31
 69.000000  33.000000       31
 69.000000  34.000000       31
 69.000000  35.000000       31
 69.000000  36.000000       31
 70.000000  14.000000        1
 70.000000  15.000000        1
 70.000000  16.000000        1
 70.000000  17.000000        1
 70.000000  18.000000       15
 70.000000  19.000000       15
 70.000000  20.000000       15
 70.000000  21.000000       16
 70.000000  22.000000       16
 70.000000  23.000000       17
 70.000000  24.000000       17
 70.000000  25.000000       17
 70.000000  26.000000       26
 70.000000  27.000000       26
 70.000000  28.000000       29
 70.000000  29.000000       29
 70.000000  30.000000       29
 70.000000  31.000000       31
 70.000000  32.000000       31
 70.000000  33.000000       31
 70.000000  34.000000       31
 70.000000  35.000000       31
 71.000000  13.000000        3
 71.000000  14.000000        1
 71.000000  15.000000        1
 71.000000  16.000000        1
 71.000000  17.000000        1
 71.000000  18.000000        0
 71.000000  19.000000        0
 71.000000  20.000000       10
 71.000000  21.000000       12
 71.000000  22.000000       12
 71.000000  23.000000       17
 71.000000  24.000000       17
 71.000000  25.000000       18
 71.000000  26.000000       18
 71.000000  27.000000       25
 71.000000  28.000000       25
 71.000000  29.000000       29
 71.000000  30.000000       27
 71.000000  31.000000       27
 71.000000  32.000000       31
 71.000000  33.000000       31
 71.000000  34.000000       31
 71.000000  35.000000       31
 72.000000  13.000000        3
 72.000000  14.000000        3
 72.000000  15.000000        1
 72.000000  16.000000        1
 72.000000  17.000000        1
 72.000000  18.000000        0
 72.000000  19.000000        0
 72.000000  20.000000       10
 72.000000  21.000000       12
 72.000000  22.000000       12
 72.000000  23.000000       13
 72.000000  24.000000       18
 72.000000  25.000000       18
 72.000000  26.000000       18
 72.000000  27.000000       25
 72.000000  28.000000       25
 72.000000  29.000000       27
 72.000000  30.000000       27
 72.000000  31.000000       27
 72.000000  32.000000       27
 72.000000  33.000000       31
 72.000000  34.000000       31
 73.000000  12.000000        3
 73.000000  13.000000        3
 73.000000  14.000000        3
 73.000000  15.000000        3
 73.000000  16.000000        4
 73.000000  17.000000        4
 73.000000  18.000000        2
 73.000000  19.000000        2
 73.000000  20.000000        8
 73.000000  21.000000        8
 73.000000  22.000000       13
 73.000000  23.000000       13
 73.000000  24.000000       19
 73.000000  25.000000       18
 73.000000  26.000000       18
 73.000000  27.000000       25
 73.000000  28.000000       25
 73.000000  29.000000       27
 73.000000  30.000000       27
 73.000000  31.000000       27
 73.000000  32.000000       27
 73.000000  33.000000       27
 74.000000  12.000000        3
 74.000000  13.000000        3
 74.000000  14.000000        3
 74.000000  15.000000        3
 74.000000  16.000000        4
 74.000000  17.000000        4
 74.000000  18.000000        4
 74.000000  19.000000        6
 74.000000  20.000000        8
 74.000000  21.000000        8
 74.000000  22.000000       13
 74.000000  23.000000       13
 74.000000  24.000000       19
 74.000000  25.000000       19
 74.000000  26.000000       24
 74.000000  27.000000       24
 74.000000  28.000000       24
 74.000000  29.000000       27
 74.000000  30.000000       27
 74.000000  31.000000       27
 74.000000  32.000000       27
 75.000000  11.000000        3
 75.000000  12.000000        3
 75.000000  13.000000        3
 75.000000  14.000000        3
 75.000000  15.000000        3
 75.000000  16.000000        4
 75.000000  17.000000        4
 75.000000  18.000000        6
 75.000000  19.000000        6
 75.000000  20.000000        9
 75.000000  21.000000        9
 75.000000  22.000000       14
 75.000000  23.000000       14
 75.000000  24.000000       21
 75.000000  25.000000       21
 75.000000  26.000000       24
 75.000000  27.000000       24
 75.000000  28.000000       24
 75.000000  29.000000       27
 75.000000  30.000000       27
 75.000000  31.000000       27
 75.000000  32.000000       27
 76.000000  11.000000        5
 76.000000  12.000000        5
 76.000000  13.000000        5
 76.000000  14.000000        5
 76.000000  15.000000        5
 76.000000  16.000000        7
 76.000000  17.000000        7
 76.000000  18.000000        7
 76.000000  19.000000        6
 76.000000  20.000000        9
 76.000000  21.000000        9
 76.000000  22.000000       14
 76.000000  23.000000       14
 76.000000  24.000000       21
 76.000000  25.000000       21
 76.000000  26.000000       23
 76.000000  27.000000       23
 76.000000  28.000000       23
 76.000000  29.000000       23
 76.000000  30.000000       27
 76.000000  31.000000       27
 77.000000  11.000000        5
 77.000000  12.000000        5
 77.000000  13.000000        5
 77.000000  14.000000        5
 77.000000  15.000000        5
 77.000000  16.000000        7
 77.000000  17.000000        7
 77.000000  18.000000        7
 77.000000  19.000000       11
 77.000000  20.000000        9
 77.000000  21.000000        9
 77.000000  22.000000       14
 77.000000  23.000000       14
 77.000000  24.000000       21
 77.000000  25.000000       21
 77.000000  26.000000       23
 77.000000  27.000000       23
 77.000000  28.000000       23
 77.000000  29.000000       23
 77.000000  30.000000       23
 78.000000  11.000000        5
 78.000000  12.000000        5
 78.000000  13.000000        5
 78.000000  14.000000        5
 78.000000  15.000000        5
 78.000000  16.000000       22
 78.000000  17.000000       22
 78.000000  18.000000       22
 78.000000  19.000000       11
 78.000000  20.000000       11
 78.000000  21.000000       11
 78.000000  22.000000       20
 78.000000  23.000000       20
 78.000000  24.000000       20
 78.000000  25.000000       20
 78.000000  26.000000       23
 78.000000  27.000000       23
 78.000000  28.000000       23
 78.000000  29.000000       23
 78.000000  30.000000       23
 79.000000  12.000000        5
 79.000000  13.000000        5
 79.000000  14.000000        5
 79.000000  15.000000       22
 79.000000  16.000000       22
 79.000000  17.000000       22
 79.000000  18.000000       22
 79.000000  19.000000       11
 79.000000  20.000000       11
 79.000000  21.000000       11
 79.000000  22.000000       20
 79.000000  23.000000       20
 79.000000  24.000000       20
 79.000000  25.000000       20
 79.000000  26.000000       23
 79.000000  27.000000       23
 79.000000  28.000000       23
 79.000000  29.000000       23
 80.000000  13.000000        5
 80.000000  14.000000       22
 80.000000  15.000000       22
 80.000000  16.000000       22
 80.000000  17.000000       22
 80.000000  18.000000       22
 80.000000  19.000000       11
 80.000000  20.000000       11
 80.000000  21.000000       11
 80.000000  22.000000       20
 80.000000  23.000000       20
 80.000000  24.000000       20
 80.000000  25.000000       20
 80.000000  26.000000       20
 80.000000  27.000000       23
 80.000000  28.000000       23
 81.000000  14.000000       22
 81.000000  15.000000       22
 81.000000  16.000000       22
 81.000000  17.000000       22
 81.000000  18.000000       22
 81.000000  19.000000       11
 81.000000  20.000000       11
 81.000000  21.000000       11
 81.000000  22.000000       20
 81.000000  23.000000       20
 81.000000  24.000000       20
 81.000000  25.000000       20
 81.000000  26.000000       20
 82.000000  17.000000       22
 82.000000  18.000000       22
 82.000000  19.000000       11
 82.000000  20.000000       11
 82.000000  21.000000       11
 82.000000  22.000000       20
