bin   f_oii f_neiii   f_hd   f_hg   f_hb f_oiii59 f_oiii07       unc_oii       unc_neii         unc_hd         unc_hg         unc_hb     unc_oiii59     unc_oiii07
--- ------- ------- ------ ------ ------ -------- -------- ------------- -------------- -------------- -------------- -------------- -------------- --------------
  0 148.961   3.132 13.708 29.623 77.563   17.268   46.508 8.10777979453  1.45041186889  1.81078997854  2.32839064287  3.39055269663  2.49640332169  3.02143686756
  1  41.628     nan  3.286  8.078 17.672    4.609    12.43 3.92964110629            nan 0.954075102002  1.15661251532  1.66332323731  1.12302788818  1.77910743462
 10 136.128     nan 13.591 31.007 75.047   17.375   44.598 7.33770157119            nan  2.02130511526   2.6283530927  3.67929626365  2.64204882635  3.24572312951
100  52.392     nan  4.512  8.106 20.242    8.147   25.904 4.15555189203            nan 0.976916619574  1.10373569781  1.79523300177  1.27189945775  2.32654210654
101  57.301     nan  5.108 10.439 25.919    6.138     19.0 3.73582390494            nan  1.04477333103  1.19358424837  1.63745829153  1.34316109254  1.61271107482
102  93.244   3.483  9.054 18.861 44.406    7.909   28.361 4.57924452952  1.21988806696  1.16842162946  1.44025627918  2.10754813047  1.65743945699  2.38452494197
103   37.93   1.109  2.826  5.441 13.458    3.423   11.996 2.14896196855 0.511223783639 0.658107903349 0.852608958816  1.12630154157 0.892710806385  1.35568370088
104  23.575   1.825  1.921  3.434    8.5    2.637    6.959 1.67639785353 0.696671198218 0.617597755619  0.66793815372 0.970611723098 0.855864776575 0.853608717908
105  69.854   2.435  6.573 12.191 27.716    7.624    23.42 3.29038355491  1.04897765574  1.08464409248  1.38409474119  1.63441042387  1.44476768495  2.07701804622
106  26.115     nan  2.336  3.898  8.793    2.634    9.042 1.55927008134            nan 0.521019045687 0.585633593121 0.897405309186 0.641612296002  1.21564161634
 11  48.895   2.422  2.939  6.501  15.28     6.39   18.301 3.08310812788 0.828488986047 0.871054525828   1.0329376552  1.46781686927  1.25122961722  1.81888317189
 12  89.662     nan  9.134  20.82 53.721    8.914   26.651 5.64307840628            nan  1.65447091066   2.3064347791  3.15663114907  2.02731338162  3.65851708993
 13  84.613   2.046   7.32 14.386 35.171   10.407   31.056 4.53312204537   1.0632505465  1.35376305577  1.63151820256  2.60364911731  1.78312428735  2.40820299797
 14 100.615   3.912  7.228 15.245 33.728   13.766   43.016 6.69264464592  1.57312258438  1.33370382426  1.65043843761  2.63187182289  2.03723999492  3.10302682435
 15  39.783   1.755  3.647  8.298 17.842    5.454   12.412 2.68486093918 0.690467915997 0.852034790914 0.991284899302  1.49424678375 0.983007987586  1.63777223541
 16  57.927     nan  6.088 11.204 30.171    6.451   15.851 3.64141162541            nan  1.01473156032  1.45719737814  2.11988264257  1.31838316815  2.03551777187
 17  61.994     nan  7.964 12.854 37.849    6.537   18.199 4.84821036719            nan  1.88625662514  2.03655691562  3.34604019858   1.9675459022  2.81337190001
 18   37.93   1.109  2.826  5.441 13.458    3.423   11.996 2.14896196855 0.511223783639 0.658107903349 0.852608958816  1.12630154157 0.892710806385  1.35568370088
 19  27.765     nan  2.403  5.253  10.34     3.11     9.67 2.07270581202            nan  0.71984176612 0.815544936588  1.09259025512 0.760387677349  1.16305836396
  2 145.177     nan 12.404 28.831 72.112   19.484   44.054 8.23878451572            nan  1.99506894757  2.73266171043  4.91947526184  3.01317352831  4.91973008847
 20  40.562   2.065  2.974  4.857 12.512    7.702   21.311 3.64935439528 0.783885487329 0.722658952438  0.84691296575      1.2561762   1.1669607426  1.82854719037
 21 103.054    4.17  8.455  16.34 39.642   19.089   56.347  7.6074031138   1.2705624255  1.32905246511  1.51140910025  2.44590603102  1.95563418471  3.61578816666
 22  38.453     nan  1.986  5.025  12.25    4.983   12.261 2.69303131181            nan 0.723175167951 0.959145791091  1.26230602067 0.946461994877  1.49573124289
 23  44.918   2.043  2.833  6.598 15.025    6.571   22.162 3.08612988807 0.807467796971 0.727802376369 0.968715204411  1.59867938888  1.04684950096  2.20056496384
 24  84.613   2.046   7.32 14.386 35.171   10.407   31.056 4.53312204537   1.0632505465  1.35376305577  1.63151820256  2.60364911731  1.78312428735  2.40820299797
 25  68.437   3.141  7.021 11.374 29.681    7.131   20.687 4.32178413419   1.1875123574  1.24672061784  1.69114214217  2.81516412155  1.69387090411  2.20204957591
 26  48.895   2.422  2.939  6.501  15.28     6.39   18.301 3.08310812788 0.828488986047 0.871054525828   1.0329376552  1.46781686927  1.25122961722  1.81888317189
 27  35.091   1.504  2.207  4.629 11.439    3.229      9.3 2.50180893346 0.636129349149 0.673686079702 0.747781205482  1.16389419828 0.736983922596  1.44895992831
 28  16.795     nan  1.652  3.913  7.483      nan    5.293 1.53879685436            nan 0.710319119159 0.611063905147   1.2330232939            nan  1.18775769487
 29  55.901     nan  3.895 11.012 25.007    4.882   12.449 3.17862369966            nan 0.906832988123  1.16248382532  1.96467875359  1.39575213032  1.96018183518
  3  42.342     nan  3.237  5.956 15.955    4.566   12.927  3.7352186544            nan 0.966331992728  1.03356253192  1.95126883479  1.08265028857  2.12222210454
 30  99.753   4.249  7.676 18.375 43.871    9.759   29.607 6.31439233926  1.80297403332  1.45461759071  1.94485241148  2.81465826055   2.3612583502  3.37850604678
 31  30.971   1.157  2.542  4.039 11.819    2.946    8.338  1.9238256162 0.470709498871 0.581876245264 0.728569013042 0.928342705318  0.72471471469  1.13937494062
 32  82.304     nan  8.278   17.5  46.67    6.399   20.511 4.13161816777            nan  1.20588231951  1.43372807089  2.46141455188  1.62518959289  2.53592262753
 33  55.609     nan  4.148 11.024 26.852    5.598   18.092  2.9168139968            nan  1.01256058435  1.40651847863  2.47168550139  1.19937224527  2.41679149644
 34  65.556    2.36  5.359 12.743 27.887    6.898   18.038 3.70560008595  1.01034646451  1.10654090197   1.2975188257  2.17258847181  1.30502950103  2.44712434898
 35  21.761   0.951  1.003  2.861  6.238    2.016    6.962 1.54499649641 0.475896673921 0.505778849966 0.638464220752  1.00340741551  0.70703145411 0.895104680707
 36  71.228     nan  6.264 11.994 27.504    8.826   25.478 5.57191509912            nan 0.968999546646  1.15410960284  1.67522092387  1.28272518754  1.82679995747
 37   58.01   2.696  4.184  8.781 18.816    6.473   19.128 3.81205254897 0.873591897653 0.868266221699  1.16799638806  1.45387092468  1.09594300301  1.80361114542
 38  40.173   1.592   2.66  5.867 14.236    5.022   15.201 2.46299047161 0.659069839747 0.667542138106 0.885759803024  1.16420099776  0.85468252855  1.22807128426
 39  11.814     nan    nan  1.772  2.969      nan    3.833 1.39700439617            nan            nan 0.628432772904 0.592870339433            nan  1.20839288825
  4 116.757   2.753 11.186 21.017 54.111   16.476   36.585 6.81196580584  1.10279734568  1.70138737398   1.8923304125  3.45447983118  1.78130696636  3.19663155963
 40  31.912     nan  2.289  4.537  9.137    3.037    9.938 2.22879293261            nan 0.729162602212 0.810952300543  1.14847177843 0.711901883146  1.28001037461
 41  28.502     nan  2.826  3.815 11.369    3.778    9.258 3.11910196505            nan  1.21913240041  1.20490504702  1.45645064175  1.35023517102  2.09260928534
 42  43.322   1.181  3.835  8.042 19.984    4.053   13.778 2.55632880994 0.648888600496 0.787653542085 0.914754299015  1.52561591418 0.910359140974  1.65638928781
 43  31.471     nan  2.169  4.351 12.835    3.517   10.034 2.16809298112            nan 0.609156516255 0.685376938853  1.26401934543 0.675377453301  1.24750790575
 44  54.311   2.382  5.091 11.077 25.266    5.232   15.497 3.66240017086  1.00338465097 0.995549303117  1.35316703455   1.8151362747   1.3261578326   2.0071933856
 45  19.934     nan  2.125  2.968  7.856    3.015    6.763  2.5839831986            nan 0.606912906511 0.745673712132  0.96633972273 0.780888702432 0.883551924721
 46   37.09     nan  3.611  7.274 19.279    3.872    9.732  2.1910835619            nan 0.665505421331  0.79195894637  1.32213927141 0.991084785044  1.38686518861
 47  60.993   2.542  5.214  11.68 29.468    4.955   14.909 3.07709529925 0.887540414756 0.931478460982  1.37763829541  1.85059626986  1.18678867573  2.01282446943
 48  29.665     nan  2.758  4.664 10.809    3.514    8.376 2.14700735801            nan 0.723294646856 0.687853044205 0.938418385531 0.859564801613  1.08222822189
 49  26.648     nan  2.291  4.812 12.166    3.096    7.742 2.30372920177            nan 0.610759110155 0.668329631711   1.0818671571 0.655983148584 0.912865713294
  5  40.752   2.143  3.097  5.642 14.423    4.886   13.003 3.48972627772 0.725724661467 0.790504508934 0.814612543588  1.53523110917  1.02819531314    1.341532528
 50  53.918     nan   4.42  9.713 22.774    5.291   16.202 3.24936962111            nan 0.913496004986  1.22071228684  1.82759505021  1.15089392964  1.42845503171
 51  27.626     nan  2.731  4.549 13.415     2.68    7.104 1.79626746707            nan 0.579110563721 0.645608347353  1.18112831221 0.934042222766  1.17200622042
 52  61.109   3.134    4.6 10.143 25.636    8.531   23.365 5.07090940159  1.16304315455  1.19150548169  1.48513832567   2.2186432237  1.50770131286   2.2788533489
 53  23.241     nan  1.539  2.715  7.279    3.084     9.34 1.78512786735            nan 0.542626073963  0.60719320674 0.973038305011 0.642532359326    1.045837498
 54  65.942     nan  6.106  12.12 31.703    7.487   24.359 2.71481825195            nan 0.954080651286  1.16893620139   1.4607576342  1.27859471871  1.62823438429
 55  27.425     nan  2.347  4.746 13.456    3.524    9.702 2.22563804267            nan  0.61121043506  0.78411861356  1.35354822665 0.875952589283  1.24800443454
 56  84.144   2.558  8.501 15.466 36.567   11.149   31.814 5.57669866013  1.08459328891  1.33544602022   1.4639286922  2.07645344493  1.50790447357  2.18341557393
 57  46.137   2.126  4.132  7.318 18.531    9.074   26.821 4.44567204469 0.909212040284  1.10354877043  1.21737453165  1.41470825112  1.18950332889  2.07881526614
 58  66.846   3.497  5.982 15.238  36.17    7.865   24.422 3.44889800636  1.26178294646  1.24246789685  1.33920560676  1.93729526564  1.50019816576   2.0067210509
 59  21.205     nan  2.198  3.415  6.892    4.585   13.747 2.23335660951            nan 0.602159281403 0.682550529823 0.820141909909 0.815296043651  1.21147596713
  6  99.753   4.249  7.676 18.375 43.871    9.759   29.607 6.31439233926  1.80297403332  1.45461759071  1.94485241148  2.81465826055   2.3612583502  3.37850604678
 60  93.057   3.936  8.198 16.409 41.505   18.885   59.311 7.37486724458  1.04727730169  1.18559686742  1.39544833076  2.18544851438   1.6046659527  2.66528613338
 61    25.5   1.104  2.179  4.674 11.466    3.268   10.483 2.21505208063 0.568317636565 0.632486476568 0.783217372496  1.31287471694  0.79035414242  1.30289342819
 62  59.747   2.116  5.035 12.433 29.543    8.701   26.083 3.09411998121  1.03607688331  1.01865893718  1.14601684266  2.19405015992   1.3732426905  1.99078613909
 63  64.436   2.917  5.331 10.287 27.197    9.813   30.283 3.37323418733 0.951672572592 0.902617619524  1.06105715965  1.77627179626  1.20707997711  2.11707052735
 64  31.991     nan  2.739  5.776 13.367    2.275    9.666 2.23319531846            nan 0.697180014081 0.873644982976  1.34091424248 0.867647083746  1.70780758688
 65  30.484     nan  2.901  6.674  14.22    3.078    8.191 2.31929553155            nan 0.651398511275 0.835855900042  1.33721810303 0.928125010101  1.56871108422
 66  29.993     nan  2.238  4.263 10.044    3.653   11.719 1.70301350334            nan 0.464826793043  0.50052509054 0.724253800872 0.740257082616  1.02687953974
 67  62.863   3.041  6.008 13.424 35.796    7.367   16.274  3.8342925807   1.0977984156  1.04943726296  1.31713632897  2.12256796164  1.46690852399  2.34702975422
 68  66.577     nan  7.625 12.443 27.677    7.046   19.691 4.67400722941            nan  1.36616976339  1.61167963037  2.39418244886  1.65665408676  2.33175445816
 69  37.738   1.631  3.739  7.244 17.842    3.023    9.109 2.34025801544 0.644760130453 0.626909706615 0.779594958362  1.10196759731  1.05853654482  1.30601199292
  7 106.489     nan  8.741 14.927 41.732   14.841   33.446 4.75235858577            nan  1.45005558932  1.49612445262  2.01730702414  1.92664962031  2.42847111209
 70  31.249     nan  2.212  5.263 11.624    3.505    8.817 2.46250086995            nan 0.554409770726 0.616998499892 0.932734993208 0.670614818765 0.900344264995
 71  78.078     nan  7.575 16.912 39.148    7.879   21.763 3.60181350012            nan  1.16541339623  1.49839786206  2.54682663188  1.47058515741  2.82407974413
 72  29.695   1.557  2.482  6.772 15.558    2.408    6.315  2.3239369519 0.713625526333 0.721099464675 0.876519007662  1.36623995629 0.873253239462  1.13115005747
 73  70.639    2.87   6.71 17.948 36.147    7.644   18.429 3.58507671568   1.1940524256  1.14272621121  1.35774985955  2.19369296897  1.61651090891    2.046840159
 74  31.471     nan  2.169  4.351 12.835    3.517   10.034 2.16809298112            nan 0.609156516255 0.685376938853  1.26401934543 0.675377453301  1.24750790575
 75  72.306     nan  5.844 15.777  33.57    7.915   22.167 3.36882805864            nan  1.18899173322  1.63766745506  2.33097911975  1.54496944894   2.0453546049
 76  31.348     nan  2.986  6.233   14.9     3.78   10.822 2.00083722856            nan 0.648194096602  0.85440646317  1.14610575937  1.09643253279  1.26244396594
 77  52.655   2.875  5.332 11.158 26.801    6.477     17.4 3.20997552277   1.0471741656  1.01508183375  1.26305396987  1.83603199104  1.40419522947  2.09268633479
 78  27.087   1.388  2.005  3.891  9.055    2.297    7.925 2.07608812471 0.590281655053  0.59355188246 0.611154862944 0.894050322813 0.801584533181  1.00174934223
 79  26.648     nan  2.291  4.812 12.166    3.096    7.742 2.30372920177            nan 0.610759110155 0.668329631711   1.0818671571 0.655983148584 0.912865713294
  8  97.544     nan  9.694 20.262 55.835   12.218   24.678 6.15579173267            nan  1.62177739419  1.85075141242  3.48573806206  2.73040835148  2.90795457509
 80  41.393   1.647  4.451  7.723 22.726     4.95   12.861 3.27740025002 0.806880944356 0.831041587761  1.07321981106  1.56722767188  1.23025687325  1.44109678834
 81  22.354   1.403  1.797  3.112  8.833    3.354    6.736 1.68935349661 0.569386954178 0.548991405333 0.686608276949 0.888743427684 0.668992543418 0.746292755688
 82  16.795     nan  1.652  3.913  7.483      nan    5.293 1.53879685436            nan 0.710319119159 0.611063905147   1.2330232939            nan  1.18775769487
 83  42.095   1.982  3.967  7.863 23.445    4.524   13.121 2.78802886997 0.784838198248 0.833844364633 0.895802291049  1.49333936123  1.09150059381  1.49576685113
 84  27.765     nan  2.403  5.253  10.34     3.11     9.67 2.07270581202            nan  0.71984176612 0.815544936588  1.09259025512 0.760387677349  1.16305836396
 85  55.609     nan  4.148 11.024 26.852    5.598   18.092  2.9168139968            nan  1.01256058435  1.40651847863  2.47168550139  1.19937224527  2.41679149644
 86  30.484     nan  2.901  6.674  14.22    3.078    8.191 2.31929553155            nan 0.651398511275 0.835855900042  1.33721810303 0.928125010101  1.56871108422
 87  58.176     nan  5.717  12.81 30.851     6.13    16.43 3.17662857378            nan  1.11826866732   1.1528841397  1.95027250128  1.34275914833   2.0484110136
 88  67.535     nan  5.519 12.747 30.537    8.421   22.502 4.01885446296            nan  1.15975590787  1.50054504327  2.26389053175  1.72013977609  2.34530153601
 89  20.844     nan  1.882  3.981  9.156    2.521    5.796 1.94929318788            nan 0.629071286023 0.721094576207  1.23220473997 0.852296531429   1.2253650722
  9  93.244   3.483  9.054 18.861 44.406    7.909   28.361 4.57924452952  1.21988806696  1.16842162946  1.44025627918  2.10754813047  1.65743945699  2.38452494197
 90  36.229     nan  2.992  6.032 15.152    5.124    13.98 2.11793792362            nan 0.689067458632 0.851235278656  1.04216292041 0.825576752864    1.434910276
 91   54.28     nan  5.879 10.997  31.09    4.989   18.429 2.90163131605            nan  1.09676893161    1.170759403  2.26831310905  1.48685643743  2.86518524459
 92  26.667     nan  2.554  4.979   13.2    3.441    7.246 1.47997582419            nan 0.546760096504 0.649032757327 0.809697098612 0.915632293645  1.25258535747
 93  33.679   1.631  2.534  5.414 13.595    4.858    16.24 2.83912818654  0.68250719841 0.578782582476 0.678107169805  1.22922616772 0.793262812516  1.22520439604
 94  54.201     nan  6.207 11.849 29.718    5.139    18.88  3.7458568184            nan  1.01009712205   1.1017874942  1.85442314116 0.991215972294  1.50514135597
 95  65.116   3.511  6.825 13.181 32.814    7.811   27.149 4.42006450249  1.26057741882  1.14372594832  1.36228381666  2.02765448913  1.36557514327  2.91403897719
 96  44.668     nan  3.521  6.794 16.802   11.152   32.624 4.86377603889            nan 0.866765308809  1.01670411186  1.98983000094  1.29542593452  2.27274208659
 97  26.903     nan  2.459  5.461 12.055    3.286     8.77 1.43774528317            nan 0.534753524906 0.692885481284  0.94212644204 0.542837041932  1.14818688901
 98  92.716   4.403  8.836  17.35 41.276   16.345    49.64 5.65719913234   1.3560787153  1.62216100343  2.05278093011  3.37867382842  2.47703471416  4.33251237909
 99  85.115   2.282  8.719 16.087 43.952    9.831   28.524 4.10529693112  1.07633584632  1.23627423666  1.88650064495  2.62550804127  1.70087672908  3.09203748062
