# p q signal noise
18 97 4.431e+01 3.779e+00
18 98 3.923e+01 3.779e+00
18 99 4.046e+01 3.779e+00
18 108 3.038e+01 3.779e+00
18 109 4.021e+01 3.779e+00
18 110 4.045e+01 3.779e+00
18 111 4.160e+01 3.779e+00
18 112 4.053e+01 3.779e+00
18 113 3.328e+01 3.779e+00
18 114 3.357e+01 3.779e+00
19 96 4.162e+01 3.779e+00
19 97 4.876e+01 3.779e+00
19 98 5.538e+01 3.779e+00
19 99 5.484e+01 3.779e+00
19 100 4.597e+01 3.779e+00
19 101 4.284e+01 3.779e+00
19 102 4.035e+01 3.779e+00
19 103 3.659e+01 3.779e+00
19 104 3.286e+01 3.779e+00
19 105 3.400e+01 3.779e+00
19 106 3.670e+01 3.779e+00
19 107 4.983e+01 3.779e+00
19 108 4.085e+01 3.779e+00
19 109 4.642e+01 3.779e+00
19 110 4.775e+01 3.779e+00
19 111 5.450e+01 3.779e+00
19 112 6.361e+01 3.779e+00
19 113 4.963e+01 3.779e+00
19 114 5.260e+01 3.779e+00
19 115 5.242e+01 3.779e+00
19 116 6.241e+01 3.779e+00
19 117 5.075e+01 3.779e+00
19 118 4.606e+01 3.779e+00
19 119 3.498e+01 3.779e+00
19 120 3.945e+01 3.779e+00
19 121 4.427e+01 3.779e+00
19 122 4.075e+01 3.779e+00
20 88 4.610e+01 3.779e+00
20 94 4.735e+01 3.779e+00
20 95 3.227e+01 3.779e+00
20 96 4.474e+01 3.779e+00
20 97 6.186e+01 3.779e+00
20 98 6.512e+01 3.779e+00
20 99 7.158e+01 3.779e+00
20 100 6.740e+01 3.779e+00
20 101 5.757e+01 3.779e+00
20 102 5.412e+01 3.779e+00
20 103 5.248e+01 3.779e+00
20 104 4.450e+01 3.779e+00
20 105 4.996e+01 3.779e+00
20 106 5.769e+01 3.779e+00
20 107 6.752e+01 3.779e+00
20 108 5.911e+01 3.779e+00
20 109 5.664e+01 3.779e+00
20 110 5.875e+01 3.779e+00
20 111 6.792e+01 3.779e+00
20 112 6.982e+01 3.779e+00
20 113 6.349e+01 3.779e+00
20 114 7.879e+01 3.779e+00
20 115 7.760e+01 3.779e+00
20 116 7.633e+01 3.779e+00
20 117 7.273e+01 3.779e+00
20 118 6.131e+01 3.779e+00
20 119 5.794e+01 3.779e+00
20 120 6.519e+01 3.779e+00
20 121 5.622e+01 3.779e+00
20 122 4.832e+01 3.779e+00
20 123 3.824e+01 3.779e+00
21 85 3.105e+01 3.779e+00
21 86 3.573e+01 3.779e+00
21 87 4.390e+01 3.779e+00
21 88 4.630e+01 3.779e+00
21 89 4.590e+01 3.779e+00
21 90 3.501e+01 3.779e+00
21 91 2.943e+01 3.779e+00
21 92 3.676e+01 3.779e+00
21 93 5.742e+01 3.779e+00
21 94 5.656e+01 3.779e+00
21 95 3.828e+01 3.779e+00
21 96 6.641e+01 3.779e+00
21 97 7.555e+01 3.779e+00
21 98 8.042e+01 3.779e+00
21 99 8.862e+01 3.779e+00
21 100 8.730e+01 3.779e+00
21 101 7.898e+01 3.779e+00
21 102 7.557e+01 3.779e+00
21 103 7.088e+01 3.779e+00
21 104 6.194e+01 3.779e+00
21 105 7.164e+01 3.779e+00
21 106 8.233e+01 3.779e+00
21 107 9.742e+01 3.779e+00
21 108 8.932e+01 3.779e+00
21 109 8.288e+01 3.779e+00
21 110 8.497e+01 3.779e+00
21 111 8.867e+01 3.779e+00
21 112 9.227e+01 3.779e+00
21 113 1.090e+02 3.779e+00
21 114 1.141e+02 3.779e+00
21 115 1.202e+02 3.779e+00
21 116 1.169e+02 3.779e+00
21 117 1.036e+02 3.779e+00
21 118 9.639e+01 3.779e+00
21 119 8.458e+01 3.779e+00
21 120 7.670e+01 3.779e+00
21 121 7.810e+01 3.779e+00
21 122 6.013e+01 3.779e+00
21 123 4.525e+01 3.779e+00
21 124 3.660e+01 3.779e+00
22 79 3.146e+01 3.779e+00
22 80 3.605e+01 3.779e+00
22 81 4.187e+01 3.779e+00
22 82 3.872e+01 3.779e+00
22 83 5.236e+01 3.779e+00
22 84 4.339e+01 3.779e+00
22 85 3.997e+01 3.779e+00
22 86 4.905e+01 3.779e+00
22 87 5.244e+01 3.779e+00
22 88 5.792e+01 3.779e+00
22 89 5.386e+01 3.779e+00
22 90 6.014e+01 3.779e+00
22 91 5.362e+01 3.779e+00
22 92 5.230e+01 3.779e+00
22 93 6.826e+01 3.779e+00
22 94 6.869e+01 3.779e+00
22 95 7.326e+01 3.779e+00
22 96 8.426e+01 3.779e+00
22 97 1.049e+02 3.779e+00
22 98 1.199e+02 3.779e+00
22 99 1.161e+02 3.779e+00
22 100 1.083e+02 3.779e+00
22 101 9.982e+01 3.779e+00
22 102 9.317e+01 3.779e+00
22 103 8.942e+01 3.779e+00
22 104 9.167e+01 3.779e+00
22 105 9.612e+01 3.779e+00
22 106 1.076e+02 3.779e+00
22 107 1.173e+02 3.779e+00
22 108 1.150e+02 3.779e+00
22 109 1.024e+02 3.779e+00
22 110 1.046e+02 3.779e+00
22 111 1.092e+02 3.779e+00
22 112 1.260e+02 3.779e+00
22 113 1.494e+02 3.779e+00
22 114 1.638e+02 3.779e+00
22 115 1.717e+02 3.779e+00
22 116 1.600e+02 3.779e+00
22 117 1.442e+02 3.779e+00
22 118 1.281e+02 3.779e+00
22 119 1.205e+02 3.779e+00
22 120 1.151e+02 3.779e+00
22 121 9.223e+01 3.779e+00
22 122 7.503e+01 3.779e+00
22 123 5.558e+01 3.779e+00
22 124 4.915e+01 3.779e+00
22 125 3.760e+01 3.779e+00
23 77 3.454e+01 3.779e+00
23 78 4.387e+01 3.779e+00
23 79 4.817e+01 3.779e+00
23 80 5.680e+01 3.779e+00
23 81 5.960e+01 3.779e+00
23 82 6.396e+01 3.779e+00
23 83 6.844e+01 3.779e+00
23 84 6.445e+01 3.779e+00
23 85 6.625e+01 3.779e+00
23 86 6.545e+01 3.779e+00
23 87 7.218e+01 3.779e+00
23 88 8.305e+01 3.779e+00
23 89 8.274e+01 3.779e+00
23 90 7.721e+01 3.779e+00
23 91 8.308e+01 3.779e+00
23 92 7.032e+01 3.779e+00
23 93 8.369e+01 3.779e+00
23 94 1.042e+02 3.779e+00
23 95 1.195e+02 3.779e+00
23 96 1.309e+02 3.779e+00
23 97 1.425e+02 3.779e+00
23 98 1.464e+02 3.779e+00
23 99 1.329e+02 3.779e+00
23 100 1.284e+02 3.779e+00
23 101 1.179e+02 3.779e+00
23 102 1.163e+02 3.779e+00
23 103 1.200e+02 3.779e+00
23 104 1.208e+02 3.779e+00
23 105 1.218e+02 3.779e+00
23 106 1.269e+02 3.779e+00
23 107 1.299e+02 3.779e+00
23 108 1.389e+02 3.779e+00
23 109 1.317e+02 3.779e+00
23 110 1.272e+02 3.779e+00
23 111 1.290e+02 3.779e+00
23 112 1.593e+02 3.779e+00
23 113 1.845e+02 3.779e+00
23 114 2.056e+02 3.779e+00
23 115 2.155e+02 3.779e+00
23 116 1.968e+02 3.779e+00
23 117 1.803e+02 3.779e+00
23 118 1.615e+02 3.779e+00
23 119 1.509e+02 3.779e+00
23 120 1.464e+02 3.779e+00
23 121 1.158e+02 3.779e+00
23 122 9.272e+01 3.779e+00
23 123 7.124e+01 3.779e+00
23 124 5.629e+01 3.779e+00
23 125 4.510e+01 3.779e+00
24 73 2.952e+01 3.779e+00
24 74 3.571e+01 3.779e+00
24 75 4.428e+01 3.779e+00
24 76 4.942e+01 3.779e+00
24 77 5.310e+01 3.779e+00
24 78 6.621e+01 3.779e+00
24 79 6.870e+01 3.779e+00
24 80 7.413e+01 3.779e+00
24 81 7.491e+01 3.779e+00
24 82 8.183e+01 3.779e+00
24 83 8.849e+01 3.779e+00
24 84 8.200e+01 3.779e+00
24 85 8.002e+01 3.779e+00
24 86 8.831e+01 3.779e+00
24 87 9.507e+01 3.779e+00
24 88 8.981e+01 3.779e+00
24 89 1.035e+02 3.779e+00
24 90 1.047e+02 3.779e+00
24 91 1.077e+02 3.779e+00
24 92 1.160e+02 3.779e+00
24 93 1.213e+02 3.779e+00
24 94 1.369e+02 3.779e+00
24 95 1.518e+02 3.779e+00
24 96 1.625e+02 3.779e+00
24 97 1.745e+02 3.779e+00
24 98 1.741e+02 3.779e+00
24 99 1.579e+02 3.779e+00
24 100 1.549e+02 3.779e+00
24 101 1.416e+02 3.779e+00
24 102 1.481e+02 3.779e+00
24 103 1.482e+02 3.779e+00
24 104 1.382e+02 3.779e+00
24 105 1.423e+02 3.779e+00
24 106 1.420e+02 3.779e+00
24 107 1.468e+02 3.779e+00
24 108 1.468e+02 3.779e+00
24 109 1.409e+02 3.779e+00
24 110 1.503e+02 3.779e+00
24 111 1.559e+02 3.779e+00
24 112 1.817e+02 3.779e+00
24 113 2.163e+02 3.779e+00
24 114 2.322e+02 3.779e+00
24 115 2.308e+02 3.779e+00
24 116 2.085e+02 3.779e+00
24 117 1.783e+02 3.779e+00
24 118 1.711e+02 3.779e+00
24 119 1.589e+02 3.779e+00
24 120 1.441e+02 3.779e+00
24 121 1.298e+02 3.779e+00
24 122 1.058e+02 3.779e+00
24 123 8.359e+01 3.779e+00
24 124 6.154e+01 3.779e+00
24 125 5.002e+01 3.779e+00
24 126 4.323e+01 3.779e+00
25 70 3.038e+01 3.779e+00
25 71 3.183e+01 3.779e+00
25 72 3.850e+01 3.779e+00
25 73 4.639e+01 3.779e+00
25 74 6.302e+01 3.779e+00
25 75 6.353e+01 3.779e+00
25 76 6.030e+01 3.779e+00
25 77 7.266e+01 3.779e+00
25 78 8.522e+01 3.779e+00
25 79 8.222e+01 3.779e+00
25 80 1.015e+02 3.779e+00
25 81 1.027e+02 3.779e+00
25 82 9.654e+01 3.779e+00
25 83 1.001e+02 3.779e+00
25 84 1.016e+02 3.779e+00
25 85 1.045e+02 3.779e+00
25 86 1.099e+02 3.779e+00
25 87 1.140e+02 3.779e+00
25 88 1.190e+02 3.779e+00
25 89 1.218e+02 3.779e+00
25 90 1.252e+02 3.779e+00
25 91 1.218e+02 3.779e+00
25 92 1.270e+02 3.779e+00
25 93 1.431e+02 3.779e+00
25 94 1.518e+02 3.779e+00
25 95 1.702e+02 3.779e+00
25 96 1.892e+02 3.779e+00
25 97 1.900e+02 3.779e+00
25 98 1.892e+02 3.779e+00
25 99 1.715e+02 3.779e+00
25 100 1.744e+02 3.779e+00
25 101 1.600e+02 3.779e+00
25 102 1.534e+02 3.779e+00
25 103 1.562e+02 3.779e+00
25 104 1.693e+02 3.779e+00
25 105 1.606e+02 3.779e+00
25 106 1.491e+02 3.779e+00
25 107 1.548e+02 3.779e+00
25 108 1.612e+02 3.779e+00
25 109 1.650e+02 3.779e+00
25 110 1.717e+02 3.779e+00
25 111 1.868e+02 3.779e+00
25 112 2.124e+02 3.779e+00
25 113 2.246e+02 3.779e+00
25 114 2.277e+02 3.779e+00
25 115 2.212e+02 3.779e+00
25 116 1.976e+02 3.779e+00
25 117 1.769e+02 3.779e+00
25 118 1.678e+02 3.779e+00
25 119 1.458e+02 3.779e+00
25 120 1.310e+02 3.779e+00
25 121 1.245e+02 3.779e+00
25 122 9.596e+01 3.779e+00
25 123 7.559e+01 3.779e+00
25 124 5.494e+01 3.779e+00
25 125 5.254e+01 3.779e+00
25 126 4.567e+01 3.779e+00
26 68 4.125e+01 3.779e+00
26 69 4.229e+01 3.779e+00
26 70 5.463e+01 3.779e+00
26 71 6.254e+01 3.779e+00
26 72 6.180e+01 3.779e+00
26 73 7.101e+01 3.779e+00
26 74 8.005e+01 3.779e+00
26 75 8.864e+01 3.779e+00
26 76 8.882e+01 3.779e+00
26 77 9.994e+01 3.779e+00
26 78 1.116e+02 3.779e+00
26 79 1.098e+02 3.779e+00
26 80 1.141e+02 3.779e+00
26 81 1.181e+02 3.779e+00
26 82 1.174e+02 3.779e+00
26 83 1.251e+02 3.779e+00
26 84 1.274e+02 3.779e+00
26 85 1.319e+02 3.779e+00
26 86 1.293e+02 3.779e+00
26 87 1.377e+02 3.779e+00
26 88 1.454e+02 3.779e+00
26 89 1.416e+02 3.779e+00
26 90 1.481e+02 3.779e+00
26 91 1.502e+02 3.779e+00
26 92 1.459e+02 3.779e+00
26 93 1.573e+02 3.779e+00
26 94 1.698e+02 3.779e+00
26 95 1.744e+02 3.779e+00
26 96 1.838e+02 3.779e+00
26 97 1.874e+02 3.779e+00
26 98 1.886e+02 3.779e+00
26 99 1.632e+02 3.779e+00
26 100 1.617e+02 3.779e+00
26 101 1.541e+02 3.779e+00
26 102 1.501e+02 3.779e+00
26 103 1.448e+02 3.779e+00
26 104 1.587e+02 3.779e+00
26 105 1.501e+02 3.779e+00
26 106 1.341e+02 3.779e+00
26 107 1.403e+02 3.779e+00
26 108 1.595e+02 3.779e+00
26 109 1.716e+02 3.779e+00
26 110 1.915e+02 3.779e+00
26 111 2.020e+02 3.779e+00
26 112 2.100e+02 3.779e+00
26 113 2.041e+02 3.779e+00
26 114 1.995e+02 3.779e+00
26 115 1.903e+02 3.779e+00
26 116 1.763e+02 3.779e+00
26 117 1.514e+02 3.779e+00
26 118 1.400e+02 3.779e+00
26 119 1.167e+02 3.779e+00
26 120 1.105e+02 3.779e+00
26 121 1.012e+02 3.779e+00
26 122 7.151e+01 3.779e+00
26 123 6.730e+01 3.779e+00
26 124 5.600e+01 3.779e+00
26 125 3.961e+01 3.779e+00
27 66 3.587e+01 3.779e+00
27 67 3.923e+01 3.779e+00
27 68 4.907e+01 3.779e+00
27 69 6.241e+01 3.779e+00
27 70 7.632e+01 3.779e+00
27 71 9.218e+01 3.779e+00
27 72 1.037e+02 3.779e+00
27 73 1.024e+02 3.779e+00
27 74 1.165e+02 3.779e+00
27 75 1.226e+02 3.779e+00
27 76 1.319e+02 3.779e+00
27 77 1.353e+02 3.779e+00
27 78 1.421e+02 3.779e+00
27 79 1.427e+02 3.779e+00
27 80 1.439e+02 3.779e+00
27 81 1.428e+02 3.779e+00
27 82 1.425e+02 3.779e+00
27 83 1.368e+02 3.779e+00
27 84 1.393e+02 3.779e+00
27 85 1.370e+02 3.779e+00
27 86 1.345e+02 3.779e+00
27 87 1.521e+02 3.779e+00
27 88 1.511e+02 3.779e+00
27 89 1.490e+02 3.779e+00
27 90 1.459e+02 3.779e+00
27 91 1.393e+02 3.779e+00
27 92 1.490e+02 3.779e+00
27 93 1.511e+02 3.779e+00
27 94 1.571e+02 3.779e+00
27 95 1.578e+02 3.779e+00
27 96 1.586e+02 3.779e+00
27 97 1.579e+02 3.779e+00
27 98 1.517e+02 3.779e+00
27 99 1.361e+02 3.779e+00
27 100 1.267e+02 3.779e+00
27 101 1.151e+02 3.779e+00
27 102 1.123e+02 3.779e+00
27 103 1.127e+02 3.779e+00
27 104 1.206e+02 3.779e+00
27 105 1.085e+02 3.779e+00
27 106 1.029e+02 3.779e+00
27 107 1.132e+02 3.779e+00
27 108 1.305e+02 3.779e+00
27 109 1.457e+02 3.779e+00
27 110 1.785e+02 3.779e+00
27 111 1.871e+02 3.779e+00
27 112 1.936e+02 3.779e+00
27 113 1.801e+02 3.779e+00
27 114 1.555e+02 3.779e+00
27 115 1.488e+02 3.779e+00
27 116 1.319e+02 3.779e+00
27 117 1.178e+02 3.779e+00
27 118 1.096e+02 3.779e+00
27 119 9.790e+01 3.779e+00
27 120 8.207e+01 3.779e+00
27 121 7.218e+01 3.779e+00
27 122 5.301e+01 3.779e+00
27 123 4.135e+01 3.779e+00
27 124 4.451e+01 3.779e+00
28 64 3.273e+01 3.779e+00
28 65 4.014e+01 3.779e+00
28 66 4.529e+01 3.779e+00
28 67 6.441e+01 3.779e+00
28 68 7.587e+01 3.779e+00
28 69 8.967e+01 3.779e+00
28 70 1.168e+02 3.779e+00
28 71 1.327e+02 3.779e+00
28 72 1.452e+02 3.779e+00
28 73 1.419e+02 3.779e+00
28 74 1.475e+02 3.779e+00
28 75 1.583e+02 3.779e+00
28 76 1.595e+02 3.779e+00
28 77 1.655e+02 3.779e+00
28 78 1.681e+02 3.779e+00
28 79 1.649e+02 3.779e+00
28 80 1.602e+02 3.779e+00
28 81 1.558e+02 3.779e+00
28 82 1.527e+02 3.779e+00
28 83 1.395e+02 3.779e+00
28 84 1.313e+02 3.779e+00
28 85 1.288e+02 3.779e+00
28 86 1.241e+02 3.779e+00
28 87 1.398e+02 3.779e+00
28 88 1.254e+02 3.779e+00
28 89 1.186e+02 3.779e+00
28 90 1.237e+02 3.779e+00
28 91 1.275e+02 3.779e+00
28 92 1.266e+02 3.779e+00
28 93 1.252e+02 3.779e+00
28 94 1.229e+02 3.779e+00
28 95 1.282e+02 3.779e+00
28 96 1.150e+02 3.779e+00
28 97 1.141e+02 3.779e+00
28 98 1.040e+02 3.779e+00
28 99 9.167e+01 3.779e+00
28 100 8.138e+01 3.779e+00
28 101 6.822e+01 3.779e+00
28 102 6.909e+01 3.779e+00
28 103 7.609e+01 3.779e+00
28 104 7.024e+01 3.779e+00
28 105 7.106e+01 3.779e+00
28 106 7.074e+01 3.779e+00
28 107 7.596e+01 3.779e+00
28 108 8.398e+01 3.779e+00
28 109 9.509e+01 3.779e+00
28 110 1.165e+02 3.779e+00
28 111 1.242e+02 3.779e+00
28 112 1.395e+02 3.779e+00
28 113 1.205e+02 3.779e+00
28 114 1.098e+02 3.779e+00
28 115 9.633e+01 3.779e+00
28 116 9.646e+01 3.779e+00
28 117 8.200e+01 3.779e+00
28 118 7.375e+01 3.779e+00
28 119 7.505e+01 3.779e+00
28 120 6.267e+01 3.779e+00
28 121 5.240e+01 3.779e+00
28 122 2.774e+01 3.779e+00
29 62 3.668e+01 3.779e+00
29 63 4.793e+01 3.779e+00
29 64 4.251e+01 3.779e+00
29 65 5.648e+01 3.779e+00
29 66 7.378e+01 3.779e+00
29 67 9.098e+01 3.779e+00
29 68 1.011e+02 3.779e+00
29 69 1.232e+02 3.779e+00
29 70 1.504e+02 3.779e+00
29 71 1.714e+02 3.779e+00
29 72 1.842e+02 3.779e+00
29 73 1.787e+02 3.779e+00
29 74 1.745e+02 3.779e+00
29 75 1.757e+02 3.779e+00
29 76 1.703e+02 3.779e+00
29 77 1.697e+02 3.779e+00
29 78 1.871e+02 3.779e+00
29 79 1.752e+02 3.779e+00
29 80 1.597e+02 3.779e+00
29 81 1.477e+02 3.779e+00
29 82 1.360e+02 3.779e+00
29 83 1.252e+02 3.779e+00
29 84 1.096e+02 3.779e+00
29 85 1.026e+02 3.779e+00
29 86 1.036e+02 3.779e+00
29 87 9.430e+01 3.779e+00
29 88 9.329e+01 3.779e+00
29 89 9.065e+01 3.779e+00
29 90 8.524e+01 3.779e+00
29 91 8.531e+01 3.779e+00
29 92 8.876e+01 3.779e+00
29 93 8.048e+01 3.779e+00
29 94 8.783e+01 3.779e+00
29 95 7.646e+01 3.779e+00
29 96 7.039e+01 3.779e+00
29 97 6.598e+01 3.779e+00
29 98 6.356e+01 3.779e+00
29 99 5.583e+01 3.779e+00
29 100 5.059e+01 3.779e+00
29 101 4.673e+01 3.779e+00
29 102 4.963e+01 3.779e+00
29 103 3.837e+01 3.779e+00
29 104 4.141e+01 3.779e+00
29 105 4.338e+01 3.779e+00
29 106 5.026e+01 3.779e+00
29 107 4.596e+01 3.779e+00
29 108 5.263e+01 3.779e+00
29 109 6.146e+01 3.779e+00
29 110 6.868e+01 3.779e+00
29 111 8.100e+01 3.779e+00
29 112 8.424e+01 3.779e+00
29 113 7.404e+01 3.779e+00
29 114 6.550e+01 3.779e+00
29 115 5.945e+01 3.779e+00
29 116 6.053e+01 3.779e+00
29 117 4.548e+01 3.779e+00
29 118 4.976e+01 3.779e+00
29 119 4.592e+01 3.779e+00
29 120 3.727e+01 3.779e+00
29 121 3.833e+01 3.779e+00
30 60 3.505e+01 3.779e+00
30 61 3.869e+01 3.779e+00
30 62 3.819e+01 3.779e+00
30 63 6.268e+01 3.779e+00
30 64 6.994e+01 3.779e+00
30 65 7.940e+01 3.779e+00
30 66 9.811e+01 3.779e+00
30 67 1.083e+02 3.779e+00
30 68 1.294e+02 3.779e+00
30 69 1.476e+02 3.779e+00
30 70 1.743e+02 3.779e+00
30 71 1.815e+02 3.779e+00
30 72 1.826e+02 3.779e+00
30 73 1.866e+02 3.779e+00
30 74 1.850e+02 3.779e+00
30 75 1.927e+02 3.779e+00
30 76 1.837e+02 3.779e+00
30 77 1.811e+02 3.779e+00
30 78 1.760e+02 3.779e+00
30 79 1.558e+02 3.779e+00
30 80 1.455e+02 3.779e+00
30 81 1.275e+02 3.779e+00
30 82 1.031e+02 3.779e+00
30 83 9.522e+01 3.779e+00
30 84 7.882e+01 3.779e+00
30 85 7.551e+01 3.779e+00
30 86 7.614e+01 3.779e+00
30 87 6.571e+01 3.779e+00
30 88 6.611e+01 3.779e+00
30 89 6.183e+01 3.779e+00
30 90 6.021e+01 3.779e+00
30 91 5.982e+01 3.779e+00
30 92 6.213e+01 3.779e+00
30 93 5.516e+01 3.779e+00
30 94 5.386e+01 3.779e+00
30 95 5.133e+01 3.779e+00
30 96 4.653e+01 3.779e+00
30 97 4.272e+01 3.779e+00
30 98 4.177e+01 3.779e+00
30 99 3.692e+01 3.779e+00
30 100 3.651e+01 3.779e+00
30 101 3.550e+01 3.779e+00
30 102 3.108e+01 3.779e+00
30 103 3.076e+01 3.779e+00
30 104 2.599e+01 3.779e+00
30 105 2.274e+01 3.779e+00
30 106 3.279e+01 3.779e+00
30 107 3.393e+01 3.779e+00
30 108 3.525e+01 3.779e+00
30 109 2.860e+01 3.779e+00
30 110 4.146e+01 3.779e+00
30 111 4.152e+01 3.779e+00
30 112 4.119e+01 3.779e+00
30 113 3.803e+01 3.779e+00
30 114 3.681e+01 3.779e+00
30 115 3.579e+01 3.779e+00
30 116 3.277e+01 3.779e+00
30 117 3.306e+01 3.779e+00
30 118 3.344e+01 3.779e+00
31 58 3.336e+01 3.779e+00
31 59 4.339e+01 3.779e+00
31 60 4.740e+01 3.779e+00
31 61 6.800e+01 3.779e+00
31 62 6.912e+01 3.779e+00
31 63 7.951e+01 3.779e+00
31 64 9.851e+01 3.779e+00
31 65 1.086e+02 3.779e+00
31 66 1.251e+02 3.779e+00
31 67 1.338e+02 3.779e+00
31 68 1.443e+02 3.779e+00
31 69 1.534e+02 3.779e+00
31 70 1.765e+02 3.779e+00
31 71 1.824e+02 3.779e+00
31 72 1.890e+02 3.779e+00
31 73 1.877e+02 3.779e+00
31 74 1.787e+02 3.779e+00
31 75 1.749e+02 3.779e+00
31 76 1.590e+02 3.779e+00
31 77 1.366e+02 3.779e+00
31 78 1.250e+02 3.779e+00
31 79 1.099e+02 3.779e+00
31 80 9.420e+01 3.779e+00
31 81 8.209e+01 3.779e+00
31 82 6.951e+01 3.779e+00
31 83 6.523e+01 3.779e+00
31 84 5.696e+01 3.779e+00
31 85 5.173e+01 3.779e+00
31 86 5.071e+01 3.779e+00
31 87 3.913e+01 3.779e+00
31 88 3.822e+01 3.779e+00
31 89 4.643e+01 3.779e+00
31 90 4.792e+01 3.779e+00
31 91 4.128e+01 3.779e+00
31 92 3.651e+01 3.779e+00
31 93 3.658e+01 3.779e+00
31 94 4.213e+01 3.779e+00
31 95 3.675e+01 3.779e+00
31 96 3.917e+01 3.779e+00
31 97 3.154e+01 3.779e+00
31 98 3.199e+01 3.779e+00
32 57 3.833e+01 3.779e+00
32 58 4.161e+01 3.779e+00
32 59 6.068e+01 3.779e+00
32 60 5.996e+01 3.779e+00
32 61 7.478e+01 3.779e+00
32 62 7.540e+01 3.779e+00
32 63 1.005e+02 3.779e+00
32 64 1.159e+02 3.779e+00
32 65 1.322e+02 3.779e+00
32 66 1.548e+02 3.779e+00
32 67 1.570e+02 3.779e+00
32 68 1.680e+02 3.779e+00
32 69 1.668e+02 3.779e+00
32 70 1.712e+02 3.779e+00
32 71 1.726e+02 3.779e+00
32 72 1.670e+02 3.779e+00
32 73 1.602e+02 3.779e+00
32 74 1.529e+02 3.779e+00
32 75 1.275e+02 3.779e+00
32 76 1.054e+02 3.779e+00
32 77 9.370e+01 3.779e+00
32 78 8.822e+01 3.779e+00
32 79 7.442e+01 3.779e+00
32 80 6.077e+01 3.779e+00
32 81 4.466e+01 3.779e+00
32 82 5.062e+01 3.779e+00
32 83 3.920e+01 3.779e+00
32 84 3.484e+01 3.779e+00
32 85 3.917e+01 3.779e+00
32 86 3.590e+01 3.779e+00
32 87 3.808e+01 3.779e+00
32 88 3.094e+01 3.779e+00
32 89 3.058e+01 3.779e+00
32 90 3.193e+01 3.779e+00
32 91 2.862e+01 3.779e+00
32 92 3.337e+01 3.779e+00
32 93 3.414e+01 3.779e+00
33 55 3.019e+01 3.779e+00
33 56 4.829e+01 3.779e+00
33 57 5.124e+01 3.779e+00
33 58 6.628e+01 3.779e+00
33 59 8.136e+01 3.779e+00
33 60 8.502e+01 3.779e+00
33 61 9.354e+01 3.779e+00
33 62 1.105e+02 3.779e+00
33 63 1.171e+02 3.779e+00
33 64 1.432e+02 3.779e+00
33 65 1.576e+02 3.779e+00
33 66 1.753e+02 3.779e+00
33 67 1.719e+02 3.779e+00
33 68 1.708e+02 3.779e+00
33 69 1.475e+02 3.779e+00
33 70 1.507e+02 3.779e+00
33 71 1.370e+02 3.779e+00
33 72 1.278e+02 3.779e+00
33 73 1.116e+02 3.779e+00
33 74 1.048e+02 3.779e+00
33 75 7.873e+01 3.779e+00
33 76 6.683e+01 3.779e+00
33 77 6.471e+01 3.779e+00
33 78 5.181e+01 3.779e+00
33 79 4.227e+01 3.779e+00
33 80 3.734e+01 3.779e+00
33 81 3.040e+01 3.779e+00
33 82 3.331e+01 3.779e+00
33 83 3.501e+01 3.779e+00
34 54 3.352e+01 3.779e+00
34 55 4.362e+01 3.779e+00
34 56 6.353e+01 3.779e+00
34 57 7.703e+01 3.779e+00
34 58 8.765e+01 3.779e+00
34 59 9.787e+01 3.779e+00
34 60 1.083e+02 3.779e+00
34 61 1.122e+02 3.779e+00
34 62 1.350e+02 3.779e+00
34 63 1.508e+02 3.779e+00
34 64 1.722e+02 3.779e+00
34 65 1.813e+02 3.779e+00
34 66 1.766e+02 3.779e+00
34 67 1.766e+02 3.779e+00
34 68 1.650e+02 3.779e+00
34 69 1.400e+02 3.779e+00
34 70 1.123e+02 3.779e+00
34 71 8.686e+01 3.779e+00
34 72 8.203e+01 3.779e+00
34 73 8.250e+01 3.779e+00
34 74 6.570e+01 3.779e+00
34 75 5.303e+01 3.779e+00
34 76 4.770e+01 3.779e+00
34 77 4.854e+01 3.779e+00
34 78 3.524e+01 3.779e+00
34 79 2.843e+01 3.779e+00
34 80 3.351e+01 3.779e+00
35 53 3.608e+01 3.779e+00
35 54 5.198e+01 3.779e+00
35 55 6.570e+01 3.779e+00
35 56 8.200e+01 3.779e+00
35 57 8.952e+01 3.779e+00
35 58 1.015e+02 3.779e+00
35 59 1.122e+02 3.779e+00
35 60 1.235e+02 3.779e+00
35 61 1.330e+02 3.779e+00
35 62 1.644e+02 3.779e+00
35 63 1.765e+02 3.779e+00
35 64 1.839e+02 3.779e+00
35 65 1.854e+02 3.779e+00
35 66 1.764e+02 3.779e+00
35 67 1.559e+02 3.779e+00
35 68 1.288e+02 3.779e+00
35 69 1.023e+02 3.779e+00
35 70 8.637e+01 3.779e+00
35 71 7.566e+01 3.779e+00
35 72 5.609e+01 3.779e+00
35 73 5.105e+01 3.779e+00
35 74 4.791e+01 3.779e+00
35 75 3.917e+01 3.779e+00
35 76 3.457e+01 3.779e+00
35 77 3.287e+01 3.779e+00
36 52 3.235e+01 3.779e+00
36 53 5.026e+01 3.779e+00
36 54 6.523e+01 3.779e+00
36 55 8.972e+01 3.779e+00
36 56 9.884e+01 3.779e+00
36 57 1.049e+02 3.779e+00
36 58 1.204e+02 3.779e+00
36 59 1.377e+02 3.779e+00
36 60 1.550e+02 3.779e+00
36 61 1.646e+02 3.779e+00
36 62 1.956e+02 3.779e+00
36 63 2.119e+02 3.779e+00
36 64 1.972e+02 3.779e+00
36 65 1.667e+02 3.779e+00
36 66 1.352e+02 3.779e+00
36 67 1.106e+02 3.779e+00
36 68 8.988e+01 3.779e+00
36 69 6.642e+01 3.779e+00
36 70 6.191e+01 3.779e+00
36 71 4.585e+01 3.779e+00
36 72 4.986e+01 3.779e+00
36 73 4.017e+01 3.779e+00
36 74 4.289e+01 3.779e+00
36 75 3.297e+01 3.779e+00
37 51 3.913e+01 3.779e+00
37 52 5.063e+01 3.779e+00
37 53 5.620e+01 3.779e+00
37 54 6.890e+01 3.779e+00
37 55 7.968e+01 3.779e+00
37 56 1.032e+02 3.779e+00
37 57 1.179e+02 3.779e+00
37 58 1.438e+02 3.779e+00
37 59 1.612e+02 3.779e+00
37 60 1.787e+02 3.779e+00
37 61 2.147e+02 3.779e+00
37 62 2.298e+02 3.779e+00
37 63 2.296e+02 3.779e+00
37 64 1.860e+02 3.779e+00
37 65 1.470e+02 3.779e+00
37 66 9.353e+01 3.779e+00
37 67 7.636e+01 3.779e+00
37 68 7.455e+01 3.779e+00
37 69 5.423e+01 3.779e+00
37 70 4.540e+01 3.779e+00
37 71 4.160e+01 3.779e+00
37 72 3.767e+01 3.779e+00
37 73 3.541e+01 3.779e+00
38 50 3.514e+01 3.779e+00
38 51 5.218e+01 3.779e+00
38 52 5.845e+01 3.779e+00
38 53 6.498e+01 3.779e+00
38 54 8.458e+01 3.779e+00
38 55 1.009e+02 3.779e+00
38 56 1.222e+02 3.779e+00
38 57 1.356e+02 3.779e+00
38 58 1.530e+02 3.779e+00
38 59 1.857e+02 3.779e+00
38 60 2.111e+02 3.779e+00
38 61 2.348e+02 3.779e+00
38 62 2.516e+02 3.779e+00
38 63 2.425e+02 3.779e+00
38 64 1.811e+02 3.779e+00
38 65 1.236e+02 3.779e+00
38 66 7.702e+01 3.779e+00
38 67 5.683e+01 3.779e+00
38 68 4.823e+01 3.779e+00
38 69 4.359e+01 3.779e+00
38 70 3.559e+01 3.779e+00
38 71 3.241e+01 3.779e+00
39 49 3.628e+01 3.779e+00
39 50 4.771e+01 3.779e+00
39 51 5.956e+01 3.779e+00
39 52 7.665e+01 3.779e+00
39 53 8.416e+01 3.779e+00
39 54 9.927e+01 3.779e+00
39 55 1.108e+02 3.779e+00
39 56 1.363e+02 3.779e+00
39 57 1.552e+02 3.779e+00
39 58 1.744e+02 3.779e+00
39 59 2.086e+02 3.779e+00
39 60 2.293e+02 3.779e+00
39 61 2.275e+02 3.779e+00
39 62 2.248e+02 3.779e+00
39 63 1.942e+02 3.779e+00
39 64 1.462e+02 3.779e+00
39 65 9.793e+01 3.779e+00
39 66 6.098e+01 3.779e+00
39 67 4.500e+01 3.779e+00
39 68 3.935e+01 3.779e+00
39 69 3.384e+01 3.779e+00
39 70 3.114e+01 3.779e+00
40 47 2.852e+01 3.779e+00
40 48 4.336e+01 3.779e+00
40 49 5.353e+01 3.779e+00
40 50 6.483e+01 3.779e+00
40 51 7.872e+01 3.779e+00
40 52 8.419e+01 3.779e+00
40 53 1.015e+02 3.779e+00
40 54 1.208e+02 3.779e+00
40 55 1.312e+02 3.779e+00
40 56 1.533e+02 3.779e+00
40 57 1.852e+02 3.779e+00
40 58 1.943e+02 3.779e+00
40 59 2.112e+02 3.779e+00
40 60 2.029e+02 3.779e+00
40 61 1.902e+02 3.779e+00
40 62 1.663e+02 3.779e+00
40 63 1.413e+02 3.779e+00
40 64 1.045e+02 3.779e+00
40 65 7.797e+01 3.779e+00
40 66 5.007e+01 3.779e+00
40 67 5.230e+01 3.779e+00
40 68 4.348e+01 3.779e+00
40 69 2.672e+01 3.779e+00
41 46 4.457e+01 3.779e+00
41 47 4.956e+01 3.779e+00
41 48 5.933e+01 3.779e+00
41 49 7.159e+01 3.779e+00
41 50 7.679e+01 3.779e+00
41 51 9.059e+01 3.779e+00
41 52 1.095e+02 3.779e+00
41 53 1.190e+02 3.779e+00
41 54 1.293e+02 3.779e+00
41 55 1.424e+02 3.779e+00
41 56 1.668e+02 3.779e+00
41 57 1.894e+02 3.779e+00
41 58 1.908e+02 3.779e+00
41 59 1.962e+02 3.779e+00
41 60 1.752e+02 3.779e+00
41 61 1.391e+02 3.779e+00
41 62 1.138e+02 3.779e+00
41 63 9.626e+01 3.779e+00
41 64 6.641e+01 3.779e+00
41 65 5.877e+01 3.779e+00
41 66 3.849e+01 3.779e+00
41 67 4.533e+01 3.779e+00
41 68 3.905e+01 3.779e+00
42 44 2.879e+01 3.779e+00
42 45 3.935e+01 3.779e+00
42 46 5.102e+01 3.779e+00
42 47 6.213e+01 3.779e+00
42 48 7.718e+01 3.779e+00
42 49 9.086e+01 3.779e+00
42 50 9.167e+01 3.779e+00
42 51 9.721e+01 3.779e+00
42 52 1.160e+02 3.779e+00
42 53 1.254e+02 3.779e+00
42 54 1.425e+02 3.779e+00
42 55 1.510e+02 3.779e+00
42 56 1.785e+02 3.779e+00
42 57 1.833e+02 3.779e+00
42 58 1.672e+02 3.779e+00
42 59 1.540e+02 3.779e+00
42 60 1.290e+02 3.779e+00
42 61 1.048e+02 3.779e+00
42 62 8.875e+01 3.779e+00
42 63 6.832e+01 3.779e+00
42 64 5.392e+01 3.779e+00
42 65 3.982e+01 3.779e+00
42 66 3.226e+01 3.779e+00
43 43 3.634e+01 3.779e+00
43 44 4.296e+01 3.779e+00
43 45 6.077e+01 3.779e+00
43 46 8.219e+01 3.779e+00
43 47 8.772e+01 3.779e+00
43 48 9.747e+01 3.779e+00
43 49 9.921e+01 3.779e+00
43 50 1.090e+02 3.779e+00
43 51 1.177e+02 3.779e+00
43 52 1.199e+02 3.779e+00
43 53 1.297e+02 3.779e+00
43 54 1.448e+02 3.779e+00
43 55 1.500e+02 3.779e+00
43 56 1.479e+02 3.779e+00
43 57 1.459e+02 3.779e+00
43 58 1.307e+02 3.779e+00
43 59 1.092e+02 3.779e+00
43 60 8.526e+01 3.779e+00
43 61 6.765e+01 3.779e+00
43 62 5.944e+01 3.779e+00
43 63 4.692e+01 3.779e+00
43 64 4.042e+01 3.779e+00
43 65 3.391e+01 3.779e+00
44 41 3.151e+01 3.779e+00
44 42 4.134e+01 3.779e+00
44 43 5.340e+01 3.779e+00
44 44 6.680e+01 3.779e+00
44 45 9.316e+01 3.779e+00
44 46 1.112e+02 3.779e+00
44 47 1.181e+02 3.779e+00
44 48 1.105e+02 3.779e+00
44 49 1.177e+02 3.779e+00
44 50 1.288e+02 3.779e+00
44 51 1.379e+02 3.779e+00
44 52 1.331e+02 3.779e+00
44 53 1.371e+02 3.779e+00
44 54 1.447e+02 3.779e+00
44 55 1.376e+02 3.779e+00
44 56 1.271e+02 3.779e+00
44 57 1.139e+02 3.779e+00
44 58 9.283e+01 3.779e+00
44 59 6.911e+01 3.779e+00
44 60 5.530e+01 3.779e+00
44 61 4.243e+01 3.779e+00
44 62 4.377e+01 3.779e+00
44 63 4.363e+01 3.779e+00
44 64 3.968e+01 3.779e+00
45 40 2.703e+01 3.779e+00
45 41 4.103e+01 3.779e+00
45 42 5.280e+01 3.779e+00
45 43 6.756e+01 3.779e+00
45 44 9.927e+01 3.779e+00
45 45 1.304e+02 3.779e+00
45 46 1.380e+02 3.779e+00
45 47 1.405e+02 3.779e+00
45 48 1.326e+02 3.779e+00
45 49 1.426e+02 3.779e+00
45 50 1.465e+02 3.779e+00
45 51 1.555e+02 3.779e+00
45 52 1.402e+02 3.779e+00
45 53 1.347e+02 3.779e+00
45 54 1.276e+02 3.779e+00
45 55 1.185e+02 3.779e+00
45 56 1.002e+02 3.779e+00
45 57 7.728e+01 3.779e+00
45 58 6.265e+01 3.779e+00
45 59 4.985e+01 3.779e+00
45 60 4.550e+01 3.779e+00
45 61 4.403e+01 3.779e+00
45 62 3.903e+01 3.779e+00
45 63 3.134e+01 3.779e+00
46 39 4.299e+01 3.779e+00
46 40 6.366e+01 3.779e+00
46 41 7.139e+01 3.779e+00
46 42 7.704e+01 3.779e+00
46 43 9.995e+01 3.779e+00
46 44 1.184e+02 3.779e+00
46 45 1.543e+02 3.779e+00
46 46 1.576e+02 3.779e+00
46 47 1.456e+02 3.779e+00
46 48 1.466e+02 3.779e+00
46 49 1.509e+02 3.779e+00
46 50 1.520e+02 3.779e+00
46 51 1.446e+02 3.779e+00
46 52 1.307e+02 3.779e+00
46 53 1.193e+02 3.779e+00
46 54 1.084e+02 3.779e+00
46 55 9.096e+01 3.779e+00
46 56 7.608e+01 3.779e+00
46 57 5.870e+01 3.779e+00
46 58 4.493e+01 3.779e+00
46 59 3.956e+01 3.779e+00
46 60 4.172e+01 3.779e+00
46 61 3.563e+01 3.779e+00
47 38 3.516e+01 3.779e+00
47 39 4.849e+01 3.779e+00
47 40 8.260e+01 3.779e+00
47 41 9.230e+01 3.779e+00
47 42 9.777e+01 3.779e+00
47 43 1.084e+02 3.779e+00
47 44 1.255e+02 3.779e+00
47 45 1.506e+02 3.779e+00
47 46 1.453e+02 3.779e+00
47 47 1.487e+02 3.779e+00
47 48 1.498e+02 3.779e+00
47 49 1.564e+02 3.779e+00
47 50 1.450e+02 3.779e+00
47 51 1.371e+02 3.779e+00
47 52 1.169e+02 3.779e+00
47 53 9.335e+01 3.779e+00
47 54 8.164e+01 3.779e+00
47 55 6.563e+01 3.779e+00
47 56 5.363e+01 3.779e+00
47 57 3.932e+01 3.779e+00
47 58 4.381e+01 3.779e+00
47 59 3.454e+01 3.779e+00
48 37 3.483e+01 3.779e+00
48 38 6.031e+01 3.779e+00
48 39 7.617e+01 3.779e+00
48 40 1.104e+02 3.779e+00
48 41 1.226e+02 3.779e+00
48 42 1.208e+02 3.779e+00
48 43 1.288e+02 3.779e+00
48 44 1.384e+02 3.779e+00
48 45 1.384e+02 3.779e+00
48 46 1.404e+02 3.779e+00
48 47 1.398e+02 3.779e+00
48 48 1.390e+02 3.779e+00
48 49 1.342e+02 3.779e+00
48 50 1.309e+02 3.779e+00
48 51 1.085e+02 3.779e+00
48 52 9.136e+01 3.779e+00
48 53 7.424e+01 3.779e+00
48 54 5.428e+01 3.779e+00
48 55 4.569e+01 3.779e+00
48 56 3.846e+01 3.779e+00
48 57 3.311e+01 3.779e+00
49 37 3.981e+01 3.779e+00
49 38 6.414e+01 3.779e+00
49 39 8.848e+01 3.779e+00
49 40 1.126e+02 3.779e+00
49 41 1.289e+02 3.779e+00
49 42 1.352e+02 3.779e+00
49 43 1.353e+02 3.779e+00
49 44 1.170e+02 3.779e+00
49 45 1.152e+02 3.779e+00
49 46 1.160e+02 3.779e+00
49 47 1.127e+02 3.779e+00
49 48 1.057e+02 3.779e+00
49 49 1.076e+02 3.779e+00
49 50 9.152e+01 3.779e+00
49 51 8.422e+01 3.779e+00
49 52 6.957e+01 3.779e+00
49 53 6.604e+01 3.779e+00
49 54 5.761e+01 3.779e+00
49 55 4.428e+01 3.779e+00
49 56 3.579e+01 3.779e+00
50 36 3.621e+01 3.779e+00
50 37 5.039e+01 3.779e+00
50 38 7.563e+01 3.779e+00
50 39 9.652e+01 3.779e+00
50 40 1.185e+02 3.779e+00
50 41 1.388e+02 3.779e+00
50 42 1.331e+02 3.779e+00
50 43 1.102e+02 3.779e+00
50 44 9.009e+01 3.779e+00
50 45 7.880e+01 3.779e+00
50 46 7.191e+01 3.779e+00
50 47 7.603e+01 3.779e+00
50 48 8.382e+01 3.779e+00
50 49 8.489e+01 3.779e+00
50 50 8.531e+01 3.779e+00
50 51 7.690e+01 3.779e+00
50 52 6.566e+01 3.779e+00
50 53 5.173e+01 3.779e+00
50 54 4.263e+01 3.779e+00
50 55 4.188e+01 3.779e+00
50 56 3.607e+01 3.779e+00
51 36 4.482e+01 3.779e+00
51 37 7.588e+01 3.779e+00
51 38 9.600e+01 3.779e+00
51 39 1.166e+02 3.779e+00
51 40 1.235e+02 3.779e+00
51 41 1.218e+02 3.779e+00
51 42 9.800e+01 3.779e+00
51 43 5.007e+01 3.779e+00
51 44 2.144e+01 3.779e+00
51 48 4.356e+01 3.779e+00
51 49 5.116e+01 3.779e+00
51 50 6.331e+01 3.779e+00
51 51 5.904e+01 3.779e+00
51 52 4.918e+01 3.779e+00
51 53 5.034e+01 3.779e+00
51 54 4.249e+01 3.779e+00
51 55 4.459e+01 3.779e+00
52 35 3.658e+01 3.779e+00
52 36 6.025e+01 3.779e+00
52 37 8.985e+01 3.779e+00
52 38 1.148e+02 3.779e+00
52 39 1.313e+02 3.779e+00
52 40 1.232e+02 3.779e+00
52 41 1.022e+02 3.779e+00
52 42 6.673e+01 3.779e+00
52 43 8.220e+00 3.779e+00
52 50 5.012e+01 3.779e+00
52 51 4.246e+01 3.779e+00
52 52 5.372e+01 3.779e+00
52 53 5.163e+01 3.779e+00
52 54 4.985e+01 3.779e+00
53 34 3.417e+01 3.779e+00
53 35 4.181e+01 3.779e+00
53 36 6.322e+01 3.779e+00
53 37 9.163e+01 3.779e+00
53 38 1.104e+02 3.779e+00
53 39 1.323e+02 3.779e+00
53 40 1.154e+02 3.779e+00
53 41 9.127e+01 3.779e+00
53 42 6.616e+01 3.779e+00
53 51 5.373e+01 3.779e+00
53 52 4.486e+01 3.779e+00
53 53 3.751e+01 3.779e+00
54 33 3.333e+01 3.779e+00
54 34 4.283e+01 3.779e+00
54 35 5.537e+01 3.779e+00
54 36 7.728e+01 3.779e+00
54 37 9.765e+01 3.779e+00
54 38 1.127e+02 3.779e+00
54 39 1.101e+02 3.779e+00
54 40 1.015e+02 3.779e+00
54 41 7.759e+01 3.779e+00
54 42 8.756e+01 3.779e+00
55 32 2.871e+01 3.779e+00
55 33 3.469e+01 3.779e+00
55 34 5.320e+01 3.779e+00
55 35 7.783e+01 3.779e+00
55 36 8.844e+01 3.779e+00
55 37 9.659e+01 3.779e+00
55 38 8.936e+01 3.779e+00
55 39 8.202e+01 3.779e+00
55 40 8.203e+01 3.779e+00
55 41 9.186e+01 3.779e+00
55 42 1.034e+02 3.779e+00
56 31 3.210e+01 3.779e+00
56 32 5.044e+01 3.779e+00
56 33 5.925e+01 3.779e+00
56 34 7.266e+01 3.779e+00
56 35 9.557e+01 3.779e+00
56 36 9.817e+01 3.779e+00
56 37 9.743e+01 3.779e+00
56 38 9.561e+01 3.779e+00
56 39 8.012e+01 3.779e+00
56 40 6.706e+01 3.779e+00
56 41 7.496e+01 3.779e+00
56 42 6.896e+01 3.779e+00
57 30 3.982e+01 3.779e+00
57 31 4.872e+01 3.779e+00
57 32 6.094e+01 3.779e+00
57 33 8.296e+01 3.779e+00
57 34 1.114e+02 3.779e+00
57 35 1.266e+02 3.779e+00
57 36 1.245e+02 3.779e+00
57 37 1.023e+02 3.779e+00
57 38 8.634e+01 3.779e+00
57 39 7.021e+01 3.779e+00
57 40 5.616e+01 3.779e+00
57 41 6.058e+01 3.779e+00
57 42 6.191e+01 3.779e+00
58 29 3.657e+01 3.779e+00
58 30 4.661e+01 3.779e+00
58 31 6.175e+01 3.779e+00
58 32 8.520e+01 3.779e+00
58 33 1.138e+02 3.779e+00
58 34 1.378e+02 3.779e+00
58 35 1.419e+02 3.779e+00
58 36 1.306e+02 3.779e+00
58 37 1.050e+02 3.779e+00
58 38 8.603e+01 3.779e+00
58 39 6.682e+01 3.779e+00
58 40 5.474e+01 3.779e+00
58 41 5.524e+01 3.779e+00
58 42 5.021e+01 3.779e+00
59 28 3.796e+01 3.779e+00
59 29 5.054e+01 3.779e+00
59 30 7.717e+01 3.779e+00
59 31 1.014e+02 3.779e+00
59 32 1.025e+02 3.779e+00
59 33 1.380e+02 3.779e+00
59 34 1.564e+02 3.779e+00
59 35 1.610e+02 3.779e+00
59 36 1.272e+02 3.779e+00
59 37 1.019e+02 3.779e+00
59 38 8.015e+01 3.779e+00
59 39 6.312e+01 3.779e+00
59 40 5.147e+01 3.779e+00
59 41 4.654e+01 3.779e+00
59 42 4.568e+01 3.779e+00
60 27 3.972e+01 3.779e+00
60 28 3.789e+01 3.779e+00
60 29 6.401e+01 3.779e+00
60 30 9.085e+01 3.779e+00
60 31 1.085e+02 3.779e+00
60 32 1.257e+02 3.779e+00
60 33 1.636e+02 3.779e+00
60 34 1.779e+02 3.779e+00
60 35 1.757e+02 3.779e+00
60 36 1.375e+02 3.779e+00
60 37 1.000e+02 3.779e+00
60 38 7.482e+01 3.779e+00
60 39 6.286e+01 3.779e+00
60 40 5.734e+01 3.779e+00
60 41 6.061e+01 3.779e+00
60 42 5.904e+01 3.779e+00
60 43 5.344e+01 3.779e+00
60 44 4.932e+01 3.779e+00
61 26 4.385e+01 3.779e+00
61 27 5.638e+01 3.779e+00
61 28 5.835e+01 3.779e+00
61 29 7.329e+01 3.779e+00
61 30 9.406e+01 3.779e+00
61 31 1.130e+02 3.779e+00
61 32 1.363e+02 3.779e+00
61 33 1.667e+02 3.779e+00
61 34 1.927e+02 3.779e+00
61 35 1.761e+02 3.779e+00
61 36 1.298e+02 3.779e+00
61 37 8.827e+01 3.779e+00
61 38 7.616e+01 3.779e+00
61 39 6.492e+01 3.779e+00
61 40 5.890e+01 3.779e+00
61 41 5.932e+01 3.779e+00
61 42 6.458e+01 3.779e+00
61 43 5.907e+01 3.779e+00
61 44 6.254e+01 3.779e+00
61 45 5.260e+01 3.779e+00
62 24 3.577e+01 3.779e+00
62 25 4.725e+01 3.779e+00
62 26 6.108e+01 3.779e+00
62 27 6.862e+01 3.779e+00
62 28 7.236e+01 3.779e+00
62 29 7.783e+01 3.779e+00
62 30 1.006e+02 3.779e+00
62 31 1.157e+02 3.779e+00
62 32 1.348e+02 3.779e+00
62 33 1.667e+02 3.779e+00
62 34 1.776e+02 3.779e+00
62 35 1.575e+02 3.779e+00
62 36 1.136e+02 3.779e+00
62 37 8.980e+01 3.779e+00
62 38 7.040e+01 3.779e+00
62 39 6.415e+01 3.779e+00
62 40 7.014e+01 3.779e+00
62 41 6.439e+01 3.779e+00
62 42 6.938e+01 3.779e+00
62 43 7.160e+01 3.779e+00
62 44 6.834e+01 3.779e+00
62 45 6.446e+01 3.779e+00
63 23 4.444e+01 3.779e+00
63 24 4.703e+01 3.779e+00
63 25 6.068e+01 3.779e+00
63 26 7.129e+01 3.779e+00
63 27 8.302e+01 3.779e+00
63 28 9.004e+01 3.779e+00
63 29 9.101e+01 3.779e+00
63 30 1.102e+02 3.779e+00
63 31 1.229e+02 3.779e+00
63 32 1.385e+02 3.779e+00
63 33 1.613e+02 3.779e+00
63 34 1.643e+02 3.779e+00
63 35 1.265e+02 3.779e+00
63 36 1.030e+02 3.779e+00
63 37 8.534e+01 3.779e+00
63 38 6.334e+01 3.779e+00
63 39 6.616e+01 3.779e+00
63 40 6.893e+01 3.779e+00
63 41 6.429e+01 3.779e+00
63 42 6.847e+01 3.779e+00
63 43 5.848e+01 3.779e+00
63 44 6.445e+01 3.779e+00
64 21 4.470e+01 3.779e+00
64 22 5.445e+01 3.779e+00
64 23 5.965e+01 3.779e+00
64 24 5.627e+01 3.779e+00
64 25 6.437e+01 3.779e+00
64 26 7.960e+01 3.779e+00
64 27 9.882e+01 3.779e+00
64 28 1.108e+02 3.779e+00
64 29 1.271e+02 3.779e+00
64 30 1.456e+02 3.779e+00
64 31 1.540e+02 3.779e+00
64 32 1.518e+02 3.779e+00
64 33 1.593e+02 3.779e+00
64 34 1.456e+02 3.779e+00
64 35 1.204e+02 3.779e+00
64 36 8.275e+01 3.779e+00
64 37 7.023e+01 3.779e+00
64 38 6.060e+01 3.779e+00
64 39 6.511e+01 3.779e+00
64 40 6.321e+01 3.779e+00
64 41 6.403e+01 3.779e+00
64 42 5.823e+01 3.779e+00
64 43 5.780e+01 3.779e+00
65 20 4.010e+01 3.779e+00
65 21 5.750e+01 3.779e+00
65 22 7.548e+01 3.779e+00
65 23 7.178e+01 3.779e+00
65 24 7.233e+01 3.779e+00
65 25 8.067e+01 3.779e+00
65 26 8.853e+01 3.779e+00
65 27 1.088e+02 3.779e+00
65 28 1.330e+02 3.779e+00
65 29 1.532e+02 3.779e+00
65 30 1.711e+02 3.779e+00
65 31 1.880e+02 3.779e+00
65 32 1.796e+02 3.779e+00
65 33 1.569e+02 3.779e+00
65 34 1.290e+02 3.779e+00
65 35 1.070e+02 3.779e+00
65 36 8.308e+01 3.779e+00
65 37 6.716e+01 3.779e+00
65 38 6.017e+01 3.779e+00
65 39 5.013e+01 3.779e+00
65 40 4.781e+01 3.779e+00
65 41 5.671e+01 3.779e+00
65 42 5.218e+01 3.779e+00
66 19 3.968e+01 3.779e+00
66 20 4.283e+01 3.779e+00
66 21 6.570e+01 3.779e+00
66 22 8.435e+01 3.779e+00
66 23 8.523e+01 3.779e+00
66 24 8.704e+01 3.779e+00
66 25 8.865e+01 3.779e+00
66 26 9.721e+01 3.779e+00
66 27 1.129e+02 3.779e+00
66 28 1.411e+02 3.779e+00
66 29 1.710e+02 3.779e+00
66 30 1.963e+02 3.779e+00
66 31 1.891e+02 3.779e+00
66 32 1.671e+02 3.779e+00
66 33 1.398e+02 3.779e+00
66 34 1.181e+02 3.779e+00
66 35 9.211e+01 3.779e+00
66 36 7.261e+01 3.779e+00
66 37 5.614e+01 3.779e+00
66 38 4.438e+01 3.779e+00
66 39 4.756e+01 3.779e+00
66 40 3.788e+01 3.779e+00
66 41 3.680e+01 3.779e+00
66 42 4.162e+01 3.779e+00
67 17 2.516e+01 3.779e+00
67 18 4.454e+01 3.779e+00
67 19 5.223e+01 3.779e+00
67 20 6.673e+01 3.779e+00
67 21 7.859e+01 3.779e+00
67 22 9.296e+01 3.779e+00
67 23 1.010e+02 3.779e+00
67 24 9.651e+01 3.779e+00
67 25 1.013e+02 3.779e+00
67 26 1.017e+02 3.779e+00
67 27 1.147e+02 3.779e+00
67 28 1.386e+02 3.779e+00
67 29 1.621e+02 3.779e+00
67 30 1.836e+02 3.779e+00
67 31 1.819e+02 3.779e+00
67 32 1.456e+02 3.779e+00
67 33 1.189e+02 3.779e+00
67 34 9.310e+01 3.779e+00
67 35 7.974e+01 3.779e+00
67 36 6.329e+01 3.779e+00
67 37 4.744e+01 3.779e+00
67 38 4.167e+01 3.779e+00
67 39 3.963e+01 3.779e+00
67 40 3.680e+01 3.779e+00
68 16 3.220e+01 3.779e+00
68 17 4.382e+01 3.779e+00
68 18 6.064e+01 3.779e+00
68 19 8.043e+01 3.779e+00
68 20 9.404e+01 3.779e+00
68 21 1.031e+02 3.779e+00
68 22 1.096e+02 3.779e+00
68 23 1.256e+02 3.779e+00
68 24 1.176e+02 3.779e+00
68 25 1.173e+02 3.779e+00
68 26 1.168e+02 3.779e+00
68 27 1.233e+02 3.779e+00
68 28 1.309e+02 3.779e+00
68 29 1.407e+02 3.779e+00
68 30 1.536e+02 3.779e+00
68 31 1.448e+02 3.779e+00
68 32 1.203e+02 3.779e+00
68 33 1.023e+02 3.779e+00
68 34 8.229e+01 3.779e+00
68 35 6.469e+01 3.779e+00
68 36 5.418e+01 3.779e+00
68 37 3.856e+01 3.779e+00
68 38 3.369e+01 3.779e+00
69 15 3.330e+01 3.779e+00
69 16 4.708e+01 3.779e+00
69 17 5.319e+01 3.779e+00
69 18 9.086e+01 3.779e+00
69 19 1.171e+02 3.779e+00
69 20 1.307e+02 3.779e+00
69 21 1.340e+02 3.779e+00
69 22 1.430e+02 3.779e+00
69 23 1.549e+02 3.779e+00
69 24 1.453e+02 3.779e+00
69 25 1.365e+02 3.779e+00
69 26 1.330e+02 3.779e+00
69 27 1.304e+02 3.779e+00
69 28 1.335e+02 3.779e+00
69 29 1.408e+02 3.779e+00
69 30 1.443e+02 3.779e+00
69 31 1.249e+02 3.779e+00
69 32 1.045e+02 3.779e+00
69 33 7.893e+01 3.779e+00
69 34 6.732e+01 3.779e+00
69 35 5.019e+01 3.779e+00
69 36 4.182e+01 3.779e+00
70 14 3.153e+01 3.779e+00
70 15 4.464e+01 3.779e+00
70 16 7.167e+01 3.779e+00
70 17 9.817e+01 3.779e+00
70 18 1.611e+02 3.779e+00
70 19 1.971e+02 3.779e+00
70 20 2.007e+02 3.779e+00
70 21 1.776e+02 3.779e+00
70 22 1.769e+02 3.779e+00
70 23 1.773e+02 3.779e+00
70 24 1.651e+02 3.779e+00
70 25 1.552e+02 3.779e+00
70 26 1.435e+02 3.779e+00
70 27 1.364e+02 3.779e+00
70 28 1.448e+02 3.779e+00
70 29 1.354e+02 3.779e+00
70 30 1.269e+02 3.779e+00
70 31 1.028e+02 3.779e+00
70 32 9.025e+01 3.779e+00
70 33 7.116e+01 3.779e+00
70 34 5.600e+01 3.779e+00
70 35 4.529e+01 3.779e+00
71 13 3.278e+01 3.779e+00
71 14 5.292e+01 3.779e+00
71 15 6.810e+01 3.779e+00
71 16 1.058e+02 3.779e+00
71 17 1.562e+02 3.779e+00
71 18 2.403e+02 3.779e+00
71 19 2.876e+02 3.779e+00
71 20 2.627e+02 3.779e+00
71 21 2.145e+02 3.779e+00
71 22 1.963e+02 3.779e+00
71 23 1.786e+02 3.779e+00
71 24 1.692e+02 3.779e+00
71 25 1.534e+02 3.779e+00
71 26 1.603e+02 3.779e+00
71 27 1.505e+02 3.779e+00
71 28 1.484e+02 3.779e+00
71 29 1.529e+02 3.779e+00
71 30 1.282e+02 3.779e+00
71 31 9.456e+01 3.779e+00
71 32 8.087e+01 3.779e+00
71 33 5.757e+01 3.779e+00
71 34 4.353e+01 3.779e+00
71 35 3.774e+01 3.779e+00
72 13 3.362e+01 3.779e+00
72 14 6.789e+01 3.779e+00
72 15 1.016e+02 3.779e+00
72 16 1.373e+02 3.779e+00
72 17 2.069e+02 3.779e+00
72 18 2.976e+02 3.779e+00
72 19 3.430e+02 3.779e+00
72 20 2.895e+02 3.779e+00
72 21 2.232e+02 3.779e+00
72 22 1.911e+02 3.779e+00
72 23 1.794e+02 3.779e+00
72 24 1.898e+02 3.779e+00
72 25 1.759e+02 3.779e+00
72 26 1.808e+02 3.779e+00
72 27 1.723e+02 3.779e+00
72 28 1.687e+02 3.779e+00
72 29 1.520e+02 3.779e+00
72 30 1.236e+02 3.779e+00
72 31 8.641e+01 3.779e+00
72 32 6.163e+01 3.779e+00
72 33 4.658e+01 3.779e+00
72 34 3.014e+01 3.779e+00
73 12 3.632e+01 3.779e+00
73 13 5.985e+01 3.779e+00
73 14 8.908e+01 3.779e+00
73 15 1.384e+02 3.779e+00
73 16 1.821e+02 3.779e+00
73 17 2.315e+02 3.779e+00
73 18 2.730e+02 3.779e+00
73 19 2.925e+02 3.779e+00
73 20 2.524e+02 3.779e+00
73 21 2.081e+02 3.779e+00
73 22 1.880e+02 3.779e+00
73 23 1.792e+02 3.779e+00
73 24 1.932e+02 3.779e+00
73 25 2.010e+02 3.779e+00
73 26 1.910e+02 3.779e+00
73 27 1.834e+02 3.779e+00
73 28 1.693e+02 3.779e+00
73 29 1.370e+02 3.779e+00
73 30 1.099e+02 3.779e+00
73 31 7.749e+01 3.779e+00
73 32 5.110e+01 3.779e+00
73 33 3.547e+01 3.779e+00
74 12 3.609e+01 3.779e+00
74 13 6.967e+01 3.779e+00
74 14 1.112e+02 3.779e+00
74 15 1.789e+02 3.779e+00
74 16 2.309e+02 3.779e+00
74 17 2.431e+02 3.779e+00
74 18 2.368e+02 3.779e+00
74 19 2.157e+02 3.779e+00
74 20 2.177e+02 3.779e+00
74 21 1.974e+02 3.779e+00
74 22 1.916e+02 3.779e+00
74 23 2.051e+02 3.779e+00
74 24 2.092e+02 3.779e+00
74 25 2.164e+02 3.779e+00
74 26 2.136e+02 3.779e+00
74 27 1.905e+02 3.779e+00
74 28 1.590e+02 3.779e+00
74 29 1.247e+02 3.779e+00
74 30 9.018e+01 3.779e+00
74 31 6.034e+01 3.779e+00
74 32 4.193e+01 3.779e+00
75 11 3.468e+01 3.779e+00
75 12 5.091e+01 3.779e+00
75 13 8.007e+01 3.779e+00
75 14 1.274e+02 3.779e+00
75 15 2.020e+02 3.779e+00
75 16 2.470e+02 3.779e+00
75 17 2.374e+02 3.779e+00
75 18 2.265e+02 3.779e+00
75 19 2.009e+02 3.779e+00
75 20 2.060e+02 3.779e+00
75 21 1.885e+02 3.779e+00
75 22 2.084e+02 3.779e+00
75 23 2.312e+02 3.779e+00
75 24 2.321e+02 3.779e+00
75 25 2.233e+02 3.779e+00
75 26 2.120e+02 3.779e+00
75 27 1.744e+02 3.779e+00
75 28 1.371e+02 3.779e+00
75 29 9.858e+01 3.779e+00
75 30 7.307e+01 3.779e+00
75 31 4.624e+01 3.779e+00
75 32 4.288e+01 3.779e+00
76 11 3.638e+01 3.779e+00
76 12 5.638e+01 3.779e+00
76 13 9.405e+01 3.779e+00
76 14 1.410e+02 3.779e+00
76 15 1.946e+02 3.779e+00
76 16 2.327e+02 3.779e+00
76 17 2.247e+02 3.779e+00
76 18 2.134e+02 3.779e+00
76 19 2.062e+02 3.779e+00
76 20 1.998e+02 3.779e+00
76 21 2.005e+02 3.779e+00
76 22 2.183e+02 3.779e+00
76 23 2.355e+02 3.779e+00
76 24 2.347e+02 3.779e+00
76 25 2.281e+02 3.779e+00
76 26 2.102e+02 3.779e+00
76 27 1.703e+02 3.779e+00
76 28 1.158e+02 3.779e+00
76 29 8.595e+01 3.779e+00
76 30 5.819e+01 3.779e+00
76 31 4.151e+01 3.779e+00
77 11 3.879e+01 3.779e+00
77 12 5.709e+01 3.779e+00
77 13 9.254e+01 3.779e+00
77 14 1.221e+02 3.779e+00
77 15 1.706e+02 3.779e+00
77 16 1.872e+02 3.779e+00
77 17 2.021e+02 3.779e+00
77 18 2.071e+02 3.779e+00
77 19 2.103e+02 3.779e+00
77 20 1.984e+02 3.779e+00
77 21 1.887e+02 3.779e+00
77 22 1.906e+02 3.779e+00
77 23 1.967e+02 3.779e+00
77 24 2.192e+02 3.779e+00
77 25 2.159e+02 3.779e+00
77 26 1.975e+02 3.779e+00
77 27 1.423e+02 3.779e+00
77 28 9.064e+01 3.779e+00
77 29 7.142e+01 3.779e+00
77 30 4.215e+01 3.779e+00
78 11 4.239e+01 3.779e+00
78 12 4.932e+01 3.779e+00
78 13 8.158e+01 3.779e+00
78 14 1.005e+02 3.779e+00
78 15 1.263e+02 3.779e+00
78 16 1.373e+02 3.779e+00
78 17 1.592e+02 3.779e+00
78 18 1.836e+02 3.779e+00
78 19 1.891e+02 3.779e+00
78 20 1.790e+02 3.779e+00
78 21 1.464e+02 3.779e+00
78 22 1.417e+02 3.779e+00
78 23 1.520e+02 3.779e+00
78 24 1.707e+02 3.779e+00
78 25 1.779e+02 3.779e+00
78 26 1.514e+02 3.779e+00
78 27 1.029e+02 3.779e+00
78 28 6.523e+01 3.779e+00
78 29 4.935e+01 3.779e+00
78 30 3.307e+01 3.779e+00
79 12 4.197e+01 3.779e+00
79 13 5.383e+01 3.779e+00
79 14 6.951e+01 3.779e+00
79 15 8.112e+01 3.779e+00
79 16 1.020e+02 3.779e+00
79 17 1.132e+02 3.779e+00
79 18 1.311e+02 3.779e+00
79 19 1.388e+02 3.779e+00
79 20 1.303e+02 3.779e+00
79 21 1.117e+02 3.779e+00
79 22 9.841e+01 3.779e+00
79 23 9.347e+01 3.779e+00
79 24 9.814e+01 3.779e+00
79 25 1.154e+02 3.779e+00
79 26 9.222e+01 3.779e+00
79 27 6.245e+01 3.779e+00
79 28 4.421e+01 3.779e+00
79 29 3.082e+01 3.779e+00
80 13 4.155e+01 3.779e+00
80 14 5.097e+01 3.779e+00
80 15 5.810e+01 3.779e+00
80 16 5.287e+01 3.779e+00
80 17 7.677e+01 3.779e+00
80 18 7.979e+01 3.779e+00
80 19 8.830e+01 3.779e+00
80 20 8.652e+01 3.779e+00
80 21 6.915e+01 3.779e+00
80 22 6.340e+01 3.779e+00
80 23 6.147e+01 3.779e+00
80 24 6.292e+01 3.779e+00
80 25 6.514e+01 3.779e+00
80 26 5.683e+01 3.779e+00
80 27 4.190e+01 3.779e+00
80 28 3.420e+01 3.779e+00
81 14 3.219e+01 3.779e+00
81 15 3.377e+01 3.779e+00
81 16 3.985e+01 3.779e+00
81 17 5.271e+01 3.779e+00
81 18 5.807e+01 3.779e+00
81 19 5.690e+01 3.779e+00
81 20 5.067e+01 3.779e+00
81 21 4.855e+01 3.779e+00
81 22 4.946e+01 3.779e+00
81 23 4.200e+01 3.779e+00
81 24 3.989e+01 3.779e+00
81 25 3.644e+01 3.779e+00
81 26 2.698e+01 3.779e+00
82 17 2.943e+01 3.779e+00
82 18 3.134e+01 3.779e+00
82 19 3.114e+01 3.779e+00
82 20 3.077e+01 3.779e+00
82 21 3.065e+01 3.779e+00
82 22 3.492e+01 3.779e+00
