# met met_unc sfr_density_SED sfr_density_SED_unc Ha_flux Ha_flux_unc mass_density mass_density_unc area_pc
8.66555302258 0.452526168296 -5.483396141875752 0.27999999999999997 3.001e-18 2.21e-19 2.486603858124248 0.7400000000000002 116831.94659322068
8.919790911450002 0.15989186151399998 -6.723396141875751 1.33 3.3319999999999997e-18 2.5429999999999997e-19 2.926603858124248 0.35000000000000053 133960.84758602022
9.1333387808 0.11937891537600001 -5.673396141875751 0.46 3.483e-18 2.603e-19 2.5966038581242477 0.5600000000000005 132568.75371299344
8.97287671955 0.11782751298999998 -6.453396141875752 1.1899999999999997 3.483999999999999e-18 1.8340000000000002e-19 2.656603858124249 0.5199999999999996 128268.85460828022
8.9953354324 0.168331976033 -6.763396141875752 1.4 3.375e-18 3.019e-19 2.8866038581242477 0.5 149275.9747133125
9.10270052851 0.173039487192 -5.603396141875752 0.47 2.738e-18 2.321e-19 2.5866038581242483 0.6900000000000004 124061.72985563657
9.01221231443 0.184619884047 -6.703396141875752 1.35 3.551e-18 2.659e-19 2.936603858124248 0.47999999999999954 114027.58395651661
9.12717780995 0.11769113039299998 -5.443396141875752 0.32 3.963e-18 1.744e-19 2.646603858124248 0.6500000000000004 29972.308333357778
9.04206629483 0.146881940668 -6.413396141875752 0.8899999999999998 3.4650000000000004e-18 4.641e-19 2.326603858124248 0.45999999999999996 64974.73196914101
9.06196546039 0.162768550713 -7.183396141875752 1.7899999999999998 4.101e-18 2.379e-19 3.2766038581242483 0.1899999999999995 23034.908140179312
9.14719747409 0.119764290231 -6.913396141875752 1.5099999999999998 3.9e-18 4.203e-19 2.896603858124248 0.41000000000000014 62412.488488040195
8.82339927805 0.17588734499 -6.653396141875752 1.37 3.514e-18 2.1539999999999998e-19 2.4566038581242484 0.5699999999999994 7574.321584712444
9.05092621599 0.127014381955 -5.6733961418757515 0.53 4.167e-18 2.31e-19 2.966603858124248 0.4900000000000002 2741.8503589008387
9.087058832590001 0.14690865125400002 -6.373396141875752 1.03 3.4650000000000004e-18 2.1609999999999998e-19 2.996603858124249 0.47999999999999954 5555.962795762295
8.86193858574 0.185223968576 -5.763396141875752 0.49 3.685e-18 2.823e-19 2.426603858124248 0.6200000000000001 46145.73967987585
nan nan -6.643396141875752 1.4200000000000002 3.257e-18 2.353e-19 3.0066038581242482 0.3799999999999999 29824.25368148401
8.604503509279999 0.42203075959399994 -5.893396141875752 0.44000000000000006 2.676e-18 2.711e-19 2.2266038581242484 0.6699999999999999 374404.6216979749
9.10090831979 0.132540134056 -6.793396141875752 1.5199999999999998 3.274e-18 1.806e-19 3.016603858124248 0.3600000000000003 77839.15475119215
9.00651982851 0.158928823162 -5.913396141875752 0.5299999999999999 3.024e-18 2.675e-19 2.276603858124248 0.6500000000000004 293942.35373131325
8.94925814455 0.126249580959 -6.563396141875752 1.29 3.042e-18 2.235e-19 3.0866038581242483 0.29000000000000004 10683.159925864347
9.01006577705 0.178313644834 -6.063396141875752 0.76 3.86e-18 2.781e-19 2.676603858124248 0.41999999999999993 47405.41734212591
8.75908073264 0.167912965928 -6.853396141875751 1.2799999999999996 3.24e-18 3.0809999999999997e-19 2.2666038581242485 0.5099999999999998 162113.3835840606
8.60660351436 0.439752072332 -6.623396141875752 0.8300000000000001 3.2569999999999997e-18 2.353e-19 2.1166038581242486 0.5099999999999998 119697.61230047267
9.11492720036 0.135364685407 -6.843396141875752 1.6 3.2049999999999995e-18 1.903e-19 2.806603858124248 0.4299999999999997 16242.245665585151
8.65231011473 0.43505562038 -5.7133961418757515 0.29000000000000004 4.466e-18 3.352e-19 2.2466038581242485 0.6799999999999997 40572.17583076152
8.84556257743 0.128100990815 -7.683396141875752 2.4299999999999997 3.736e-18 2.312e-19 2.7466038581242485 0.5200000000000005 19650.789153208934
8.88269254181 0.144797845371 -6.0033961418757515 0.35 4.477e-18 1.987e-19 1.9566038581242484 0.7699999999999996 41354.11989203382
8.66075679945 0.449375736538 -5.873396141875752 0.5200000000000001 4.796e-18 2.75e-19 2.566603858124248 0.5500000000000007 6299.63202554084
8.65538786516 0.43475811166199996 -6.633396141875751 0.75 3.422e-18 3.569e-19 2.0466038581242483 0.5199999999999996 23931.814356462768
nan nan -5.983396141875752 0.31999999999999995 4.358e-18 4.513e-19 1.9866038581242478 0.7300000000000004 3051.1479546758933
8.86858441783 0.0869230456372 -7.383396141875751 2.08 4.157e-18 2.88e-19 3.066603858124248 0.1899999999999995 9170.633692876048
9.00371456192 0.118804315989 -5.853396141875752 0.52 4.508e-18 3.087e-19 2.596603858124248 0.5 2143.7425537350387
8.91014114266 0.130303148315 -6.413396141875752 0.5999999999999998 4.092e-18 3.267e-19 2.0366038581242485 0.5699999999999994 9403.448739522737
8.91414853646 0.0888805898239 -7.493396141875752 2.13 3.723e-18 2.089e-19 2.966603858124248 0.33999999999999986 122354.33164980753
9.09410032225 0.139540755585 -5.793396141875752 0.21999999999999997 4.315e-18 5.127e-19 2.106603858124248 0.7400000000000002 19369.00641780074
9.08807201511 0.116837345253 -6.233396141875752 1.0699999999999998 4.164e-18 2.307e-19 2.8766038581242483 0.40000000000000036 13997.22008933347
9.08255393589 0.140411381816 -6.303396141875751 0.64 3.0200000000000005e-18 3.024e-19 2.136603858124248 0.5899999999999999 95790.4741043134
8.86366791942 0.154988795162 -7.203396141875752 1.72 4.076e-18 2.486e-19 3.246603858124247 0.2599999999999998 28674.512322865714
8.97922818363 0.105689918092 -5.563396141875752 0.4100000000000001 3.753000000000001e-18 1.819e-19 2.7066038581242484 0.629999999999999 50436.80090424813
9.02779081958 0.124330514025 -7.073396141875752 1.56 3.34e-18 2.481e-19 2.736603858124248 0.41000000000000014 123653.09611523186
8.64743068397 0.449092129006 -6.543396141875752 1.1999999999999997 2.8749999999999997e-18 1.736e-19 3.106603858124248 0.34000000000000075 58580.49374208593
8.98095864857 0.180727395312 -6.193396141875752 0.8099999999999999 2.765e-18 3.274e-19 2.5466038581242483 0.33000000000000007 189811.89011261374
9.12799525341 0.132713035279 -5.653396141875752 0.30999999999999994 2.905e-18 1.837e-19 2.2566038581242482 0.71 235368.35748515555
9.08981778719 0.15713477379199997 -6.493396141875752 1.26 2.751e-18 2.5739999999999997e-19 3.156603858124249 0.29000000000000004 196823.84941654265
9.04178272778 0.148347967304 -7.523396141875752 2.0900000000000003 3.836e-18 3.204e-19 2.936603858124248 0.3799999999999999 167454.4824145132
9.00467431143 0.180510913761 -5.783396141875752 0.62 3.126e-18 2.763e-19 2.8666038581242486 0.5 209427.85693134734
8.94803790113 0.16906423848799998 -7.46339614187575 1.69 3.2299999999999998e-18 2.9449999999999995e-19 2.1866038581242475 0.5600000000000005 121633.69496571133
9.07328109843 0.140170192538 -6.353396141875752 1.02 3.056e-18 2.663e-19 2.386603858124248 0.5899999999999999 282263.68487167713
9.12692196369 0.115914151478 -6.623396141875752 1.12 4.87e-18 3.097e-19 3.186603858124248 0.4200000000000008 84838.89119320654
9.05113004102 0.145233952372 -5.163396141875752 0.12 4.383e-18 2.719e-19 2.926603858124248 0.6900000000000004 64569.17645682238
9.09961791412 0.134426474049 -7.733396141875753 2.14 4.64e-18 3.846e-19 2.716603858124248 0.41999999999999993 81704.81852509422
9.14687006842 0.12142009618 -6.843396141875751 0.9500000000000001 3.782e-18 4.537e-19 1.9866038581242478 0.5600000000000005 107869.23919934797
9.1602296281 0.111503114286 -5.843396141875751 0.6500000000000002 4.265e-18 3.836e-19 2.466603858124248 0.6500000000000004 178496.07181858312
9.04686040037 0.183127837843 -6.523396141875752 0.99 3.179e-18 3.466e-19 2.2066038581242484 0.5800000000000001 147623.756697013
9.17591041881 0.0973633953893 -7.073396141875752 1.57 4.963e-18 3.439e-19 3.386603858124248 0.3000000000000007 37236.158122924935
9.07330271223 0.171781714899 -5.413396141875752 0.24 3.929e-18 4.2499999999999995e-19 2.556603858124248 0.7300000000000004 127244.8123350508
9.04925364204 0.152491327963 -7.663396141875753 2.05 4.124e-18 4.0750000000000005e-19 2.776603858124248 0.580000000000001 99149.9485433293
8.64494382632 0.447178325299 -7.263396141875752 1.46 4.358e-18 4.513e-19 2.386603858124248 0.3700000000000001 134741.03102300447
8.96495024641 0.129002552041 -6.083396141875752 0.8900000000000001 3.925e-18 2.748e-19 2.6566038581242486 0.45999999999999996 497621.16918512475
9.10560721531 0.135316177036 -7.703396141875753 2.27 4.139e-18 3.62e-19 2.736603858124248 0.620000000000001 395008.79307252134
