 24.000000  32.000000       43
 24.000000  33.000000       43
 25.000000  31.000000       43
 25.000000  32.000000       43
 25.000000  33.000000       43
 25.000000  34.000000       43
 26.000000  30.000000       42
 26.000000  31.000000       42
 26.000000  32.000000       43
 26.000000  33.000000       43
 26.000000  34.000000       43
 27.000000  30.000000       42
 27.000000  31.000000       42
 27.000000  32.000000       42
 27.000000  33.000000       43
 27.000000  34.000000       43
 27.000000  35.000000       40
 28.000000  30.000000       42
 28.000000  31.000000       42
 28.000000  32.000000       42
 28.000000  33.000000       42
 28.000000  34.000000       40
 28.000000  35.000000       40
 28.000000  36.000000       40
 29.000000  31.000000       41
 29.000000  32.000000       41
 29.000000  33.000000       41
 29.000000  34.000000       40
 29.000000  35.000000       40
 29.000000  36.000000       40
 29.000000  37.000000       40
 30.000000  31.000000       41
 30.000000  32.000000       41
 30.000000  33.000000       41
 30.000000  34.000000       38
 30.000000  35.000000       40
 30.000000  36.000000       40
 30.000000  37.000000       40
 30.000000  38.000000       39
 30.000000  39.000000       39
 31.000000  31.000000       41
 31.000000  32.000000       41
 31.000000  33.000000       41
 31.000000  34.000000       38
 31.000000  35.000000       38
 31.000000  36.000000       37
 31.000000  37.000000       37
 31.000000  38.000000       39
 31.000000  39.000000       39
 31.000000  40.000000       39
 32.000000  31.000000       36
 32.000000  32.000000       36
 32.000000  33.000000       38
 32.000000  34.000000       38
 32.000000  35.000000       38
 32.000000  36.000000       37
 32.000000  37.000000       37
 32.000000  38.000000       39
 32.000000  39.000000       39
 32.000000  40.000000       39
 33.000000  31.000000       36
 33.000000  32.000000       36
 33.000000  33.000000       36
 33.000000  34.000000       34
 33.000000  35.000000       35
 33.000000  36.000000       35
 33.000000  37.000000       37
 33.000000  38.000000       33
 33.000000  39.000000       33
 33.000000  40.000000       33
 34.000000  31.000000       36
 34.000000  32.000000       36
 34.000000  33.000000       34
 34.000000  34.000000       34
 34.000000  35.000000       35
 34.000000  36.000000       35
 34.000000  37.000000       30
 34.000000  38.000000       33
 34.000000  39.000000       33
 34.000000  40.000000       33
 35.000000  31.000000       32
 35.000000  32.000000       32
 35.000000  33.000000       34
 35.000000  34.000000       34
 35.000000  35.000000       31
 35.000000  36.000000       31
 35.000000  37.000000       30
 35.000000  38.000000       30
 35.000000  39.000000       33
 35.000000  40.000000       33
 36.000000  31.000000       32
 36.000000  32.000000       32
 36.000000  33.000000       29
 36.000000  34.000000       29
 36.000000  35.000000       31
 36.000000  36.000000       31
 36.000000  37.000000       30
 36.000000  38.000000       30
 36.000000  39.000000       25
 36.000000  40.000000       25
 37.000000  31.000000       32
 37.000000  32.000000       32
 37.000000  33.000000       29
 37.000000  34.000000       29
 37.000000  35.000000       26
 37.000000  36.000000       27
 37.000000  37.000000       27
 37.000000  38.000000       25
 37.000000  39.000000       25
 37.000000  40.000000       25
 38.000000  31.000000       28
 38.000000  32.000000       28
 38.000000  33.000000       28
 38.000000  34.000000       26
 38.000000  35.000000       26
 38.000000  36.000000       27
 38.000000  37.000000       27
 38.000000  38.000000       25
 38.000000  39.000000       25
 38.000000  40.000000       25
 38.000000  41.000000       23
 39.000000  32.000000       28
 39.000000  33.000000       28
 39.000000  34.000000       26
 39.000000  35.000000       26
 39.000000  36.000000       24
 39.000000  37.000000       24
 39.000000  38.000000       24
 39.000000  39.000000       23
 39.000000  40.000000       23
 39.000000  41.000000       23
 40.000000  33.000000       22
 40.000000  34.000000       22
 40.000000  35.000000       22
 40.000000  36.000000       24
 40.000000  37.000000       24
 40.000000  38.000000       20
 40.000000  39.000000       23
 40.000000  40.000000       23
 40.000000  41.000000       23
 41.000000  34.000000       22
 41.000000  35.000000       22
 41.000000  36.000000       21
 41.000000  37.000000       21
 41.000000  38.000000       20
 41.000000  39.000000       20
 41.000000  40.000000       23
 41.000000  41.000000       23
 42.000000  35.000000       21
 42.000000  36.000000       21
 42.000000  37.000000       21
 42.000000  38.000000       20
 42.000000  39.000000       20
 42.000000  40.000000       19
 42.000000  41.000000       19
 43.000000  36.000000       21
 43.000000  37.000000       18
 43.000000  38.000000       18
 43.000000  39.000000       18
 43.000000  40.000000       19
 43.000000  41.000000       19
 43.000000  42.000000       19
 44.000000  37.000000       18
 44.000000  38.000000       18
 44.000000  39.000000       18
 44.000000  40.000000       19
 44.000000  41.000000       19
 44.000000  42.000000       19
 45.000000  37.000000       18
 45.000000  38.000000       18
 45.000000  39.000000       18
 45.000000  40.000000       17
 45.000000  41.000000       17
 45.000000  42.000000       17
 46.000000  37.000000       16
 46.000000  38.000000       16
 46.000000  39.000000       16
 46.000000  40.000000       17
 46.000000  41.000000       17
 46.000000  42.000000       17
 47.000000  37.000000       16
 47.000000  38.000000       16
 47.000000  39.000000       16
 47.000000  40.000000       17
 47.000000  41.000000       17
 47.000000  42.000000       17
 48.000000  37.000000       16
 48.000000  38.000000       16
 48.000000  39.000000       16
 48.000000  40.000000       15
 48.000000  41.000000       15
 49.000000  38.000000       16
 49.000000  39.000000       16
 49.000000  40.000000       15
 49.000000  41.000000       15
 49.000000  42.000000       15
 50.000000  38.000000       14
 50.000000  39.000000       14
 50.000000  40.000000       15
 50.000000  41.000000       15
 50.000000  42.000000       15
 51.000000  38.000000       14
 51.000000  39.000000       14
 51.000000  40.000000       14
 51.000000  41.000000       13
 51.000000  42.000000       13
 52.000000  37.000000       14
 52.000000  38.000000       14
 52.000000  39.000000       14
 52.000000  40.000000       12
 52.000000  41.000000       13
 52.000000  42.000000       13
 52.000000  43.000000       13
 53.000000  37.000000       11
 53.000000  38.000000       11
 53.000000  39.000000       11
 53.000000  40.000000       12
 53.000000  41.000000       12
 53.000000  42.000000       13
 53.000000  43.000000       13
 54.000000  37.000000       11
 54.000000  38.000000       11
 54.000000  39.000000       11
 54.000000  40.000000       12
 54.000000  41.000000       12
 54.000000  42.000000       10
 54.000000  43.000000       10
 55.000000  37.000000       11
 55.000000  38.000000       11
 55.000000  39.000000       11
 55.000000  40.000000        9
 55.000000  41.000000        9
 55.000000  42.000000       10
 55.000000  43.000000       10
 56.000000  37.000000        8
 56.000000  38.000000        8
 56.000000  39.000000        7
 56.000000  40.000000        9
 56.000000  41.000000        9
 56.000000  42.000000       10
 56.000000  43.000000       10
 57.000000  37.000000        8
 57.000000  38.000000        8
 57.000000  39.000000        7
 57.000000  40.000000        7
 57.000000  41.000000        9
 57.000000  42.000000       10
 57.000000  43.000000       10
 58.000000  37.000000        8
 58.000000  38.000000        8
 58.000000  39.000000        7
 58.000000  40.000000        7
 58.000000  41.000000        6
 58.000000  42.000000        6
 58.000000  43.000000        6
 59.000000  37.000000        8
 59.000000  38.000000        5
 59.000000  39.000000        5
 59.000000  40.000000        5
 59.000000  41.000000        6
 59.000000  42.000000        6
 59.000000  43.000000        6
 60.000000  38.000000        5
 60.000000  39.000000        5
 60.000000  40.000000        5
 60.000000  41.000000        6
 60.000000  42.000000        6
 60.000000  43.000000        6
 61.000000  39.000000        5
 61.000000  40.000000        5
 61.000000  41.000000        4
 61.000000  42.000000        4
 61.000000  43.000000        4
 62.000000  39.000000        5
 62.000000  40.000000        4
 62.000000  41.000000        4
 62.000000  42.000000        4
 62.000000  43.000000        4
 63.000000  39.000000        0
 63.000000  40.000000        0
 63.000000  41.000000        4
 63.000000  42.000000        4
 63.000000  43.000000        4
 64.000000  38.000000        0
 64.000000  39.000000        0
 64.000000  40.000000        0
 64.000000  41.000000        0
 64.000000  42.000000        1
 64.000000  43.000000        1
 65.000000  38.000000        0
 65.000000  39.000000        0
 65.000000  40.000000        0
 65.000000  41.000000        1
 65.000000  42.000000        1
 65.000000  43.000000        1
 65.000000  44.000000        1
 66.000000  38.000000        2
 66.000000  39.000000        2
 66.000000  40.000000        2
 66.000000  41.000000        1
 66.000000  42.000000        1
 66.000000  43.000000        1
 66.000000  44.000000        1
 67.000000  38.000000        2
 67.000000  39.000000        2
 67.000000  40.000000        2
 67.000000  41.000000        3
 67.000000  42.000000        3
 67.000000  43.000000        3
 67.000000  44.000000        3
 68.000000  38.000000        2
 68.000000  39.000000        2
 68.000000  40.000000        2
 68.000000  41.000000        3
 68.000000  42.000000        3
 68.000000  43.000000        3
 68.000000  44.000000        3
 69.000000  39.000000        2
 69.000000  40.000000        2
 69.000000  41.000000        3
 69.000000  42.000000        3
 69.000000  43.000000        3
 88.000000  43.000000       44
 89.000000  40.000000       45
 89.000000  41.000000       45
 89.000000  42.000000       44
 89.000000  43.000000       44
 89.000000  44.000000       44
 89.000000  45.000000       46
 90.000000  39.000000       45
 90.000000  40.000000       45
 90.000000  41.000000       45
 90.000000  42.000000       44
 90.000000  43.000000       44
 90.000000  44.000000       44
 90.000000  45.000000       46
 91.000000  38.000000       47
 91.000000  39.000000       45
 91.000000  40.000000       45
 91.000000  41.000000       45
 91.000000  42.000000       48
 91.000000  43.000000       44
 91.000000  44.000000       46
 91.000000  45.000000       46
 91.000000  46.000000       46
 92.000000  37.000000       47
 92.000000  38.000000       47
 92.000000  39.000000       47
 92.000000  40.000000       49
 92.000000  41.000000       48
 92.000000  42.000000       48
 92.000000  43.000000       48
 92.000000  44.000000       50
 92.000000  45.000000       46
 92.000000  46.000000       46
 93.000000  37.000000       47
 93.000000  38.000000       47
 93.000000  39.000000       47
 93.000000  40.000000       49
 93.000000  41.000000       49
 93.000000  42.000000       48
 93.000000  43.000000       50
 93.000000  44.000000       50
 93.000000  45.000000       51
 93.000000  46.000000       51
 94.000000  37.000000       47
 94.000000  38.000000       52
 94.000000  39.000000       52
 94.000000  40.000000       49
 94.000000  41.000000       54
 94.000000  42.000000       54
 94.000000  43.000000       50
 94.000000  44.000000       50
 94.000000  45.000000       51
 94.000000  46.000000       51
 95.000000  37.000000       53
 95.000000  38.000000       52
 95.000000  39.000000       52
 95.000000  40.000000       52
 95.000000  41.000000       54
 95.000000  42.000000       56
 95.000000  43.000000       56
 95.000000  44.000000       56
 95.000000  45.000000       51
 95.000000  46.000000       51
 96.000000  37.000000       53
 96.000000  38.000000       53
 96.000000  39.000000       52
 96.000000  40.000000       55
 96.000000  41.000000       55
 96.000000  42.000000       56
 96.000000  43.000000       56
 96.000000  44.000000       57
 96.000000  45.000000       57
 96.000000  46.000000       57
 97.000000  37.000000       53
 97.000000  38.000000       53
 97.000000  39.000000       55
 97.000000  40.000000       55
 97.000000  41.000000       55
 97.000000  42.000000       59
 97.000000  43.000000       59
 97.000000  44.000000       57
 97.000000  45.000000       57
 98.000000  38.000000       58
 98.000000  39.000000       58
 98.000000  40.000000       58
 98.000000  41.000000       59
 98.000000  42.000000       59
 98.000000  43.000000       59
 98.000000  44.000000       57
 99.000000  38.000000       58
 99.000000  39.000000       58
 99.000000  40.000000       58
 99.000000  41.000000       59
 99.000000  42.000000       59
 99.000000  43.000000       59
100.000000  39.000000       58
100.000000  40.000000       58
100.000000  41.000000       58
100.000000  42.000000       59
