 24.000000  32.000000      195
 24.000000  33.000000      195
 25.000000  31.000000      196
 25.000000  32.000000      195
 25.000000  33.000000      192
 25.000000  34.000000      192
 26.000000  30.000000      194
 26.000000  31.000000      194
 26.000000  32.000000      193
 26.000000  33.000000      193
 26.000000  34.000000      192
 27.000000  30.000000      189
 27.000000  31.000000      191
 27.000000  32.000000      190
 27.000000  33.000000      190
 27.000000  34.000000      187
 27.000000  35.000000      187
 28.000000  30.000000      189
 28.000000  31.000000      186
 28.000000  32.000000      188
 28.000000  33.000000      188
 28.000000  34.000000      187
 28.000000  35.000000      185
 28.000000  36.000000      184
 29.000000  31.000000      186
 29.000000  32.000000      183
 29.000000  33.000000      183
 29.000000  34.000000      181
 29.000000  35.000000      185
 29.000000  36.000000      184
 29.000000  37.000000      184
 30.000000  31.000000      182
 30.000000  32.000000      183
 30.000000  33.000000      183
 30.000000  34.000000      181
 30.000000  35.000000      178
 30.000000  36.000000      178
 30.000000  37.000000      177
 30.000000  38.000000      176
 30.000000  39.000000      176
 31.000000  31.000000      182
 31.000000  32.000000      179
 31.000000  33.000000      175
 31.000000  34.000000      180
 31.000000  35.000000      180
 31.000000  36.000000      178
 31.000000  37.000000      177
 31.000000  38.000000      176
 31.000000  39.000000      167
 31.000000  40.000000      169
 32.000000  31.000000      174
 32.000000  32.000000      179
 32.000000  33.000000      175
 32.000000  34.000000      173
 32.000000  35.000000      172
 32.000000  36.000000      171
 32.000000  37.000000      170
 32.000000  38.000000      168
 32.000000  39.000000      167
 32.000000  40.000000      169
 33.000000  31.000000      174
 33.000000  32.000000      163
 33.000000  33.000000      166
 33.000000  34.000000      165
 33.000000  35.000000      164
 33.000000  36.000000      162
 33.000000  37.000000      161
 33.000000  38.000000      160
 33.000000  39.000000      159
 33.000000  40.000000      143
 34.000000  31.000000      158
 34.000000  32.000000      163
 34.000000  33.000000      153
 34.000000  34.000000      157
 34.000000  35.000000      155
 34.000000  36.000000      154
 34.000000  37.000000      152
 34.000000  38.000000      144
 34.000000  39.000000      142
 34.000000  40.000000      143
 35.000000  31.000000      158
 35.000000  32.000000      156
 35.000000  33.000000      153
 35.000000  34.000000      150
 35.000000  35.000000      148
 35.000000  36.000000      147
 35.000000  37.000000      145
 35.000000  38.000000      144
 35.000000  39.000000      142
 35.000000  40.000000      143
 36.000000  31.000000      151
 36.000000  32.000000      149
 36.000000  33.000000      146
 36.000000  34.000000      141
 36.000000  35.000000      139
 36.000000  36.000000      138
 36.000000  37.000000      135
 36.000000  38.000000      134
 36.000000  39.000000      125
 36.000000  40.000000      125
 37.000000  31.000000      137
 37.000000  32.000000      140
 37.000000  33.000000      136
 37.000000  34.000000      133
 37.000000  35.000000      132
 37.000000  36.000000      130
 37.000000  37.000000      129
 37.000000  38.000000      128
 37.000000  39.000000      126
 37.000000  40.000000      125
 38.000000  31.000000      137
 38.000000  32.000000      124
 38.000000  33.000000      131
 38.000000  34.000000      127
 38.000000  35.000000      123
 38.000000  36.000000      122
 38.000000  37.000000      121
 38.000000  38.000000      119
 38.000000  39.000000      118
 38.000000  40.000000      112
 38.000000  41.000000      112
 39.000000  32.000000      124
 39.000000  33.000000      116
 39.000000  34.000000      120
 39.000000  35.000000      117
 39.000000  36.000000      115
 39.000000  37.000000      114
 39.000000  38.000000      113
 39.000000  39.000000      111
 39.000000  40.000000      110
 39.000000  41.000000      112
 40.000000  33.000000      116
 40.000000  34.000000      106
 40.000000  35.000000      109
 40.000000  36.000000      108
 40.000000  37.000000      107
 40.000000  38.000000      100
 40.000000  39.000000      105
 40.000000  40.000000      104
 40.000000  41.000000       98
 41.000000  34.000000      106
 41.000000  35.000000      103
 41.000000  36.000000      102
 41.000000  37.000000      101
 41.000000  38.000000      100
 41.000000  39.000000       99
 41.000000  40.000000       97
 41.000000  41.000000       98
 42.000000  35.000000       93
 42.000000  36.000000       93
 42.000000  37.000000       92
 42.000000  38.000000       96
 42.000000  39.000000       95
 42.000000  40.000000       89
 42.000000  41.000000       94
 43.000000  36.000000       93
 43.000000  37.000000       92
 43.000000  38.000000       88
 43.000000  39.000000       91
 43.000000  40.000000       89
 43.000000  41.000000       90
 43.000000  42.000000       90
 44.000000  37.000000       83
 44.000000  38.000000       88
 44.000000  39.000000       86
 44.000000  40.000000       84
 44.000000  41.000000       85
 44.000000  42.000000       87
 45.000000  37.000000       83
 45.000000  38.000000       83
 45.000000  39.000000       86
 45.000000  40.000000       84
 45.000000  41.000000       85
 45.000000  42.000000       87
 46.000000  37.000000       83
 46.000000  38.000000       80
 46.000000  39.000000       82
 46.000000  40.000000       76
 46.000000  41.000000       81
 46.000000  42.000000       79
 47.000000  37.000000       75
 47.000000  38.000000       80
 47.000000  39.000000       78
 47.000000  40.000000       76
 47.000000  41.000000       77
 47.000000  42.000000       79
 48.000000  37.000000       75
 48.000000  38.000000       73
 48.000000  39.000000       73
 48.000000  40.000000       71
 48.000000  41.000000       74
 49.000000  38.000000       73
 49.000000  39.000000       73
 49.000000  40.000000       71
 49.000000  41.000000       72
 49.000000  42.000000       72
 50.000000  38.000000       70
 50.000000  39.000000       69
 50.000000  40.000000       67
 50.000000  41.000000       68
 50.000000  42.000000       68
 51.000000  38.000000       70
 51.000000  39.000000       69
 51.000000  40.000000       67
 51.000000  41.000000       68
 51.000000  42.000000       65
 52.000000  37.000000       64
 52.000000  38.000000       63
 52.000000  39.000000       62
 52.000000  40.000000       60
 52.000000  41.000000       59
 52.000000  42.000000       65
 52.000000  43.000000       66
 53.000000  37.000000       64
 53.000000  38.000000       63
 53.000000  39.000000       62
 53.000000  40.000000       60
 53.000000  41.000000       59
 53.000000  42.000000       61
 53.000000  43.000000       58
 54.000000  37.000000       54
 54.000000  38.000000       54
 54.000000  39.000000       57
 54.000000  40.000000       56
 54.000000  41.000000       55
 54.000000  42.000000       52
 54.000000  43.000000       58
 55.000000  37.000000       54
 55.000000  38.000000       50
 55.000000  39.000000       53
 55.000000  40.000000       51
 55.000000  41.000000       46
 55.000000  42.000000       52
 55.000000  43.000000       44
 56.000000  37.000000       48
 56.000000  38.000000       50
 56.000000  39.000000       49
 56.000000  40.000000       47
 56.000000  41.000000       46
 56.000000  42.000000       42
 56.000000  43.000000       44
 57.000000  37.000000       48
 57.000000  38.000000       45
 57.000000  39.000000       43
 57.000000  40.000000       41
 57.000000  41.000000       37
 57.000000  42.000000       42
 57.000000  43.000000       44
 58.000000  37.000000       39
 58.000000  38.000000       40
 58.000000  39.000000       34
 58.000000  40.000000       38
 58.000000  41.000000       37
 58.000000  42.000000       33
 58.000000  43.000000       35
 59.000000  37.000000       39
 59.000000  38.000000       36
 59.000000  39.000000       34
 59.000000  40.000000       32
 59.000000  41.000000       31
 59.000000  42.000000       33
 59.000000  43.000000       35
 60.000000  38.000000       16
 60.000000  39.000000       16
 60.000000  40.000000       15
 60.000000  41.000000       17
 60.000000  42.000000       18
 60.000000  43.000000       18
 61.000000  39.000000       16
 61.000000  40.000000       15
 61.000000  41.000000       11
 61.000000  42.000000       12
 61.000000  43.000000       18
 62.000000  39.000000        6
 62.000000  40.000000        6
 62.000000  41.000000       11
 62.000000  42.000000       12
 62.000000  43.000000       13
 63.000000  39.000000        6
 63.000000  40.000000        6
 63.000000  41.000000        7
 63.000000  42.000000       10
 63.000000  43.000000       13
 64.000000  38.000000        1
 64.000000  39.000000        1
 64.000000  40.000000        4
 64.000000  41.000000        7
 64.000000  42.000000       10
 64.000000  43.000000       13
 65.000000  38.000000        2
 65.000000  39.000000        1
 65.000000  40.000000        3
 65.000000  41.000000        8
 65.000000  42.000000        8
 65.000000  43.000000       14
 65.000000  44.000000       14
 66.000000  38.000000        2
 66.000000  39.000000        0
 66.000000  40.000000        5
 66.000000  41.000000        9
 66.000000  42.000000        9
 66.000000  43.000000       19
 66.000000  44.000000       24
 67.000000  38.000000       23
 67.000000  39.000000       23
 67.000000  40.000000       21
 67.000000  41.000000       20
 67.000000  42.000000       22
 67.000000  43.000000       22
 67.000000  44.000000       24
 68.000000  38.000000       27
 68.000000  39.000000       27
 68.000000  40.000000       25
 68.000000  41.000000       25
 68.000000  42.000000       26
 68.000000  43.000000       28
 68.000000  44.000000       28
 69.000000  39.000000       27
 69.000000  40.000000       29
 69.000000  41.000000       29
 69.000000  42.000000       30
 69.000000  43.000000       30
 88.000000  43.000000      197
 89.000000  40.000000      198
 89.000000  41.000000      198
 89.000000  42.000000      197
 89.000000  43.000000      197
 89.000000  44.000000      199
 89.000000  45.000000      199
 90.000000  39.000000      200
 90.000000  40.000000      198
 90.000000  41.000000      201
 90.000000  42.000000      201
 90.000000  43.000000      202
 90.000000  44.000000      199
 90.000000  45.000000      203
 91.000000  38.000000      204
 91.000000  39.000000      204
 91.000000  40.000000      205
 91.000000  41.000000      205
 91.000000  42.000000      206
 91.000000  43.000000      206
 91.000000  44.000000      207
 91.000000  45.000000      203
 91.000000  46.000000      208
 92.000000  37.000000      209
 92.000000  38.000000      209
 92.000000  39.000000      210
 92.000000  40.000000      211
 92.000000  41.000000      211
 92.000000  42.000000      212
 92.000000  43.000000      213
 92.000000  44.000000      214
 92.000000  45.000000      214
 92.000000  46.000000      208
 93.000000  37.000000      209
 93.000000  38.000000      215
 93.000000  39.000000      215
 93.000000  40.000000      216
 93.000000  41.000000      216
 93.000000  42.000000      217
 93.000000  43.000000      218
 93.000000  44.000000      219
 93.000000  45.000000      219
 93.000000  46.000000      220
 94.000000  37.000000      223
 94.000000  38.000000      221
 94.000000  39.000000      222
 94.000000  40.000000      224
 94.000000  41.000000      225
 94.000000  42.000000      226
 94.000000  43.000000      227
 94.000000  44.000000      228
 94.000000  45.000000      229
 94.000000  46.000000      220
 95.000000  37.000000      232
 95.000000  38.000000      230
 95.000000  39.000000      231
 95.000000  40.000000      233
 95.000000  41.000000      234
 95.000000  42.000000      235
 95.000000  43.000000      236
 95.000000  44.000000      237
 95.000000  45.000000      238
 95.000000  46.000000      238
 96.000000  37.000000      239
 96.000000  38.000000      239
 96.000000  39.000000      240
 96.000000  40.000000      241
 96.000000  41.000000      241
 96.000000  42.000000      242
 96.000000  43.000000      243
 96.000000  44.000000      244
 96.000000  45.000000      244
 96.000000  46.000000      238
 97.000000  37.000000      246
 97.000000  38.000000      246
 97.000000  39.000000      245
 97.000000  40.000000      247
 97.000000  41.000000      247
 97.000000  42.000000      248
 97.000000  43.000000      249
 97.000000  44.000000      250
 97.000000  45.000000      250
 98.000000  38.000000      251
 98.000000  39.000000      251
 98.000000  40.000000      252
 98.000000  41.000000      252
 98.000000  42.000000      253
 98.000000  43.000000      253
 98.000000  44.000000      250
 99.000000  38.000000      251
 99.000000  39.000000      254
 99.000000  40.000000      254
 99.000000  41.000000      255
 99.000000  42.000000      256
 99.000000  43.000000      256
100.000000  39.000000      257
100.000000  40.000000      257
100.000000  41.000000      255
100.000000  42.000000      256
