 24.000000  32.000000      310
 24.000000  33.000000      309
 25.000000  31.000000      308
 25.000000  32.000000      307
 25.000000  33.000000      306
 25.000000  34.000000      304
 26.000000  30.000000      305
 26.000000  31.000000      303
 26.000000  32.000000      302
 26.000000  33.000000      301
 26.000000  34.000000      299
 27.000000  30.000000      300
 27.000000  31.000000      298
 27.000000  32.000000      297
 27.000000  33.000000      295
 27.000000  34.000000      294
 27.000000  35.000000      292
 28.000000  30.000000      296
 28.000000  31.000000      293
 28.000000  32.000000      291
 28.000000  33.000000      290
 28.000000  34.000000      284
 28.000000  35.000000      288
 28.000000  36.000000      287
 29.000000  31.000000      289
 29.000000  32.000000      286
 29.000000  33.000000      285
 29.000000  34.000000      284
 29.000000  35.000000      282
 29.000000  36.000000      281
 29.000000  37.000000      281
 30.000000  31.000000      283
 30.000000  32.000000      280
 30.000000  33.000000      271
 30.000000  34.000000      278
 30.000000  35.000000      277
 30.000000  36.000000      275
 30.000000  37.000000      274
 30.000000  38.000000      273
 30.000000  39.000000      272
 31.000000  31.000000      279
 31.000000  32.000000      276
 31.000000  33.000000      271
 31.000000  34.000000      269
 31.000000  35.000000      268
 31.000000  36.000000      266
 31.000000  37.000000      265
 31.000000  38.000000      264
 31.000000  39.000000      263
 31.000000  40.000000      263
 32.000000  31.000000      270
 32.000000  32.000000      267
 32.000000  33.000000      262
 32.000000  34.000000      260
 32.000000  35.000000      259
 32.000000  36.000000      257
 32.000000  37.000000      256
 32.000000  38.000000      254
 32.000000  39.000000      253
 32.000000  40.000000      255
 33.000000  31.000000      261
 33.000000  32.000000      258
 33.000000  33.000000      252
 33.000000  34.000000      250
 33.000000  35.000000      249
 33.000000  36.000000      247
 33.000000  37.000000      246
 33.000000  38.000000      243
 33.000000  39.000000      242
 33.000000  40.000000      244
 34.000000  31.000000      251
 34.000000  32.000000      248
 34.000000  33.000000      245
 34.000000  34.000000      240
 34.000000  35.000000      238
 34.000000  36.000000      237
 34.000000  37.000000      235
 34.000000  38.000000      233
 34.000000  39.000000      232
 34.000000  40.000000      223
 35.000000  31.000000      241
 35.000000  32.000000      239
 35.000000  33.000000      236
 35.000000  34.000000      231
 35.000000  35.000000      229
 35.000000  36.000000      228
 35.000000  37.000000      225
 35.000000  38.000000      224
 35.000000  39.000000      222
 35.000000  40.000000      223
 36.000000  31.000000      234
 36.000000  32.000000      230
 36.000000  33.000000      227
 36.000000  34.000000      221
 36.000000  35.000000      219
 36.000000  36.000000      218
 36.000000  37.000000      215
 36.000000  38.000000      214
 36.000000  39.000000      212
 36.000000  40.000000      213
 37.000000  31.000000      226
 37.000000  32.000000      220
 37.000000  33.000000      216
 37.000000  34.000000      211
 37.000000  35.000000      209
 37.000000  36.000000      207
 37.000000  37.000000      206
 37.000000  38.000000      205
 37.000000  39.000000      203
 37.000000  40.000000      202
 38.000000  31.000000      217
 38.000000  32.000000      210
 38.000000  33.000000      208
 38.000000  34.000000      204
 38.000000  35.000000      200
 38.000000  36.000000      198
 38.000000  37.000000      197
 38.000000  38.000000      195
 38.000000  39.000000      193
 38.000000  40.000000      192
 38.000000  41.000000      194
 39.000000  32.000000      201
 39.000000  33.000000      199
 39.000000  34.000000      196
 39.000000  35.000000      191
 39.000000  36.000000      189
 39.000000  37.000000      188
 39.000000  38.000000      186
 39.000000  39.000000      184
 39.000000  40.000000      183
 39.000000  41.000000      185
 40.000000  33.000000      190
 40.000000  34.000000      187
 40.000000  35.000000      182
 40.000000  36.000000      181
 40.000000  37.000000      180
 40.000000  38.000000      178
 40.000000  39.000000      177
 40.000000  40.000000      175
 40.000000  41.000000      176
 41.000000  34.000000      179
 41.000000  35.000000      174
 41.000000  36.000000      173
 41.000000  37.000000      172
 41.000000  38.000000      171
 41.000000  39.000000      170
 41.000000  40.000000      168
 41.000000  41.000000      169
 42.000000  35.000000      167
 42.000000  36.000000      166
 42.000000  37.000000      165
 42.000000  38.000000      164
 42.000000  39.000000      163
 42.000000  40.000000      161
 42.000000  41.000000      162
 43.000000  36.000000      160
 43.000000  37.000000      159
 43.000000  38.000000      158
 43.000000  39.000000      156
 43.000000  40.000000      154
 43.000000  41.000000      155
 43.000000  42.000000      157
 44.000000  37.000000      149
 44.000000  38.000000      149
 44.000000  39.000000      152
 44.000000  40.000000      150
 44.000000  41.000000      151
 44.000000  42.000000      153
 45.000000  37.000000      149
 45.000000  38.000000      149
 45.000000  39.000000      147
 45.000000  40.000000      145
 45.000000  41.000000      146
 45.000000  42.000000      148
 46.000000  37.000000      144
 46.000000  38.000000      143
 46.000000  39.000000      141
 46.000000  40.000000      139
 46.000000  41.000000      140
 46.000000  42.000000      142
 47.000000  37.000000      138
 47.000000  38.000000      137
 47.000000  39.000000      135
 47.000000  40.000000      133
 47.000000  41.000000      134
 47.000000  42.000000      136
 48.000000  37.000000      132
 48.000000  38.000000      131
 48.000000  39.000000      130
 48.000000  40.000000      128
 48.000000  41.000000      129
 49.000000  38.000000      127
 49.000000  39.000000      126
 49.000000  40.000000      124
 49.000000  41.000000      125
 49.000000  42.000000      122
 50.000000  38.000000      123
 50.000000  39.000000      121
 50.000000  40.000000      119
 50.000000  41.000000      120
 50.000000  42.000000      122
 51.000000  38.000000      118
 51.000000  39.000000      116
 51.000000  40.000000      114
 51.000000  41.000000      115
 51.000000  42.000000      117
 52.000000  37.000000      113
 52.000000  38.000000      111
 52.000000  39.000000      109
 52.000000  40.000000      107
 52.000000  41.000000      108
 52.000000  42.000000      110
 52.000000  43.000000      112
 53.000000  37.000000      106
 53.000000  38.000000      105
 53.000000  39.000000      103
 53.000000  40.000000      101
 53.000000  41.000000      100
 53.000000  42.000000      102
 53.000000  43.000000      104
 54.000000  37.000000       99
 54.000000  38.000000       98
 54.000000  39.000000       96
 54.000000  40.000000       94
 54.000000  41.000000       93
 54.000000  42.000000       95
 54.000000  43.000000       97
 55.000000  37.000000       92
 55.000000  38.000000       91
 55.000000  39.000000       89
 55.000000  40.000000       87
 55.000000  41.000000       86
 55.000000  42.000000       88
 55.000000  43.000000       90
 56.000000  37.000000       85
 56.000000  38.000000       84
 56.000000  39.000000       82
 56.000000  40.000000       79
 56.000000  41.000000       78
 56.000000  42.000000       81
 56.000000  43.000000       83
 57.000000  37.000000       80
 57.000000  38.000000       77
 57.000000  39.000000       75
 57.000000  40.000000       72
 57.000000  41.000000       71
 57.000000  42.000000       73
 57.000000  43.000000       76
 58.000000  37.000000       74
 58.000000  38.000000       70
 58.000000  39.000000       67
 58.000000  40.000000       65
 58.000000  41.000000       64
 58.000000  42.000000       66
 58.000000  43.000000       69
 59.000000  37.000000       68
 59.000000  38.000000       63
 59.000000  39.000000       61
 59.000000  40.000000       59
 59.000000  41.000000       58
 59.000000  42.000000       60
 59.000000  43.000000       62
 60.000000  38.000000       57
 60.000000  39.000000       55
 60.000000  40.000000       53
 60.000000  41.000000       52
 60.000000  42.000000       54
 60.000000  43.000000       56
 61.000000  39.000000       50
 61.000000  40.000000       48
 61.000000  41.000000       47
 61.000000  42.000000       49
 61.000000  43.000000       51
 62.000000  39.000000        8
 62.000000  40.000000       14
 62.000000  41.000000       18
 62.000000  42.000000       28
 62.000000  43.000000       46
 63.000000  39.000000        8
 63.000000  40.000000        9
 63.000000  41.000000       12
 63.000000  42.000000       17
 63.000000  43.000000       27
 64.000000  38.000000        3
 64.000000  39.000000        1
 64.000000  40.000000        6
 64.000000  41.000000       10
 64.000000  42.000000       15
 64.000000  43.000000       24
 65.000000  38.000000        2
 65.000000  39.000000        1
 65.000000  40.000000        5
 65.000000  41.000000       11
 65.000000  42.000000       16
 65.000000  43.000000       23
 65.000000  44.000000       30
 66.000000  38.000000        4
 66.000000  39.000000        0
 66.000000  40.000000        7
 66.000000  41.000000       13
 66.000000  42.000000       19
 66.000000  43.000000       26
 66.000000  44.000000       34
 67.000000  38.000000       35
 67.000000  39.000000       22
 67.000000  40.000000       20
 67.000000  41.000000       21
 67.000000  42.000000       25
 67.000000  43.000000       29
 67.000000  44.000000       38
 68.000000  38.000000       42
 68.000000  39.000000       36
 68.000000  40.000000       32
 68.000000  41.000000       31
 68.000000  42.000000       33
 68.000000  43.000000       37
 68.000000  44.000000       44
 69.000000  39.000000       43
 69.000000  40.000000       40
 69.000000  41.000000       39
 69.000000  42.000000       41
 69.000000  43.000000       45
 88.000000  43.000000      311
 89.000000  40.000000      312
 89.000000  41.000000      312
 89.000000  42.000000      313
 89.000000  43.000000      314
 89.000000  44.000000      315
 89.000000  45.000000      316
 90.000000  39.000000      317
 90.000000  40.000000      318
 90.000000  41.000000      319
 90.000000  42.000000      320
 90.000000  43.000000      321
 90.000000  44.000000      322
 90.000000  45.000000      323
 91.000000  38.000000      324
 91.000000  39.000000      325
 91.000000  40.000000      326
 91.000000  41.000000      327
 91.000000  42.000000      328
 91.000000  43.000000      329
 91.000000  44.000000      330
 91.000000  45.000000      331
 91.000000  46.000000      332
 92.000000  37.000000      335
 92.000000  38.000000      333
 92.000000  39.000000      334
 92.000000  40.000000      336
 92.000000  41.000000      337
 92.000000  42.000000      338
 92.000000  43.000000      339
 92.000000  44.000000      340
 92.000000  45.000000      341
 92.000000  46.000000      342
 93.000000  37.000000      345
 93.000000  38.000000      343
 93.000000  39.000000      344
 93.000000  40.000000      346
 93.000000  41.000000      347
 93.000000  42.000000      348
 93.000000  43.000000      349
 93.000000  44.000000      350
 93.000000  45.000000      351
 93.000000  46.000000      352
 94.000000  37.000000      355
 94.000000  38.000000      353
 94.000000  39.000000      354
 94.000000  40.000000      356
 94.000000  41.000000      357
 94.000000  42.000000      358
 94.000000  43.000000      359
 94.000000  44.000000      360
 94.000000  45.000000      361
 94.000000  46.000000      362
 95.000000  37.000000      365
 95.000000  38.000000      363
 95.000000  39.000000      364
 95.000000  40.000000      366
 95.000000  41.000000      367
 95.000000  42.000000      368
 95.000000  43.000000      369
 95.000000  44.000000      370
 95.000000  45.000000      371
 95.000000  46.000000      372
 96.000000  37.000000      375
 96.000000  38.000000      373
 96.000000  39.000000      374
 96.000000  40.000000      376
 96.000000  41.000000      377
 96.000000  42.000000      378
 96.000000  43.000000      379
 96.000000  44.000000      380
 96.000000  45.000000      381
 96.000000  46.000000      382
 97.000000  37.000000      386
 97.000000  38.000000      384
 97.000000  39.000000      383
 97.000000  40.000000      385
 97.000000  41.000000      387
 97.000000  42.000000      388
 97.000000  43.000000      389
 97.000000  44.000000      390
 97.000000  45.000000      391
 98.000000  38.000000      393
 98.000000  39.000000      392
 98.000000  40.000000      394
 98.000000  41.000000      395
 98.000000  42.000000      396
 98.000000  43.000000      397
 98.000000  44.000000      390
 99.000000  38.000000      399
 99.000000  39.000000      398
 99.000000  40.000000      400
 99.000000  41.000000      401
 99.000000  42.000000      402
 99.000000  43.000000      403
100.000000  39.000000      404
100.000000  40.000000      405
100.000000  41.000000      406
100.000000  42.000000      406
