 24.000000  32.000000       10
 24.000000  33.000000       10
 25.000000  31.000000       10
 25.000000  32.000000       10
 25.000000  33.000000       10
 25.000000  34.000000       10
 26.000000  30.000000       10
 26.000000  31.000000       10
 26.000000  32.000000       10
 26.000000  33.000000       10
 26.000000  34.000000       10
 27.000000  30.000000       10
 27.000000  31.000000       10
 27.000000  32.000000       10
 27.000000  33.000000       10
 27.000000  34.000000       10
 27.000000  35.000000       10
 28.000000  30.000000       10
 28.000000  31.000000       10
 28.000000  32.000000       10
 28.000000  33.000000       10
 28.000000  34.000000       10
 28.000000  35.000000       10
 28.000000  36.000000       10
 29.000000  31.000000       10
 29.000000  32.000000       10
 29.000000  33.000000       10
 29.000000  34.000000       10
 29.000000  35.000000       10
 29.000000  36.000000        8
 29.000000  37.000000        8
 30.000000  31.000000        9
 30.000000  32.000000        9
 30.000000  33.000000        9
 30.000000  34.000000        9
 30.000000  35.000000        9
 30.000000  36.000000        8
 30.000000  37.000000        8
 30.000000  38.000000        8
 30.000000  39.000000        8
 31.000000  31.000000        9
 31.000000  32.000000        9
 31.000000  33.000000        9
 31.000000  34.000000        9
 31.000000  35.000000        9
 31.000000  36.000000        8
 31.000000  37.000000        8
 31.000000  38.000000        8
 31.000000  39.000000        8
 31.000000  40.000000        8
 32.000000  31.000000        9
 32.000000  32.000000        9
 32.000000  33.000000        9
 32.000000  34.000000        9
 32.000000  35.000000        9
 32.000000  36.000000        8
 32.000000  37.000000        8
 32.000000  38.000000        8
 32.000000  39.000000        8
 32.000000  40.000000        8
 33.000000  31.000000        9
 33.000000  32.000000        9
 33.000000  33.000000        9
 33.000000  34.000000        9
 33.000000  35.000000        9
 33.000000  36.000000        8
 33.000000  37.000000        8
 33.000000  38.000000        8
 33.000000  39.000000        8
 33.000000  40.000000        8
 34.000000  31.000000        9
 34.000000  32.000000        9
 34.000000  33.000000        9
 34.000000  34.000000        9
 34.000000  35.000000        7
 34.000000  36.000000        7
 34.000000  37.000000        7
 34.000000  38.000000        7
 34.000000  39.000000        8
 34.000000  40.000000        8
 35.000000  31.000000        9
 35.000000  32.000000        9
 35.000000  33.000000        9
 35.000000  34.000000        9
 35.000000  35.000000        7
 35.000000  36.000000        7
 35.000000  37.000000        7
 35.000000  38.000000        7
 35.000000  39.000000        7
 35.000000  40.000000        5
 36.000000  31.000000        6
 36.000000  32.000000        6
 36.000000  33.000000        6
 36.000000  34.000000        6
 36.000000  35.000000        7
 36.000000  36.000000        7
 36.000000  37.000000        7
 36.000000  38.000000        7
 36.000000  39.000000        5
 36.000000  40.000000        5
 37.000000  31.000000        6
 37.000000  32.000000        6
 37.000000  33.000000        6
 37.000000  34.000000        6
 37.000000  35.000000        6
 37.000000  36.000000        7
 37.000000  37.000000        7
 37.000000  38.000000        5
 37.000000  39.000000        5
 37.000000  40.000000        5
 38.000000  31.000000        6
 38.000000  32.000000        6
 38.000000  33.000000        6
 38.000000  34.000000        6
 38.000000  35.000000        6
 38.000000  36.000000        6
 38.000000  37.000000        5
 38.000000  38.000000        5
 38.000000  39.000000        5
 38.000000  40.000000        5
 38.000000  41.000000        5
 39.000000  32.000000        6
 39.000000  33.000000        6
 39.000000  34.000000        6
 39.000000  35.000000        6
 39.000000  36.000000        6
 39.000000  37.000000        5
 39.000000  38.000000        5
 39.000000  39.000000        5
 39.000000  40.000000        5
 39.000000  41.000000        5
 40.000000  33.000000        6
 40.000000  34.000000        6
 40.000000  35.000000        6
 40.000000  36.000000        4
 40.000000  37.000000        4
 40.000000  38.000000        4
 40.000000  39.000000        5
 40.000000  40.000000        5
 40.000000  41.000000        5
 41.000000  34.000000        6
 41.000000  35.000000        4
 41.000000  36.000000        4
 41.000000  37.000000        4
 41.000000  38.000000        4
 41.000000  39.000000        4
 41.000000  40.000000        4
 41.000000  41.000000        4
 42.000000  35.000000        4
 42.000000  36.000000        4
 42.000000  37.000000        4
 42.000000  38.000000        4
 42.000000  39.000000        4
 42.000000  40.000000        4
 42.000000  41.000000        4
 43.000000  36.000000        4
 43.000000  37.000000        4
 43.000000  38.000000        4
 43.000000  39.000000        4
 43.000000  40.000000        4
 43.000000  41.000000        4
 43.000000  42.000000        4
 44.000000  37.000000        4
 44.000000  38.000000        4
 44.000000  39.000000        4
 44.000000  40.000000        4
 44.000000  41.000000        3
 44.000000  42.000000        3
 45.000000  37.000000        4
 45.000000  38.000000        3
 45.000000  39.000000        3
 45.000000  40.000000        3
 45.000000  41.000000        3
 45.000000  42.000000        3
 46.000000  37.000000        3
 46.000000  38.000000        3
 46.000000  39.000000        3
 46.000000  40.000000        3
 46.000000  41.000000        3
 46.000000  42.000000        3
 47.000000  37.000000        3
 47.000000  38.000000        3
 47.000000  39.000000        3
 47.000000  40.000000        3
 47.000000  41.000000        3
 47.000000  42.000000        3
 48.000000  37.000000        3
 48.000000  38.000000        3
 48.000000  39.000000        3
 48.000000  40.000000        3
 48.000000  41.000000        3
 49.000000  38.000000        3
 49.000000  39.000000        3
 49.000000  40.000000        3
 49.000000  41.000000        3
 49.000000  42.000000        3
 50.000000  38.000000        3
 50.000000  39.000000        3
 50.000000  40.000000        3
 50.000000  41.000000        3
 50.000000  42.000000        3
 51.000000  38.000000        2
 51.000000  39.000000        2
 51.000000  40.000000        2
 51.000000  41.000000        2
 51.000000  42.000000        2
 52.000000  37.000000        2
 52.000000  38.000000        2
 52.000000  39.000000        2
 52.000000  40.000000        2
 52.000000  41.000000        2
 52.000000  42.000000        2
 52.000000  43.000000        2
 53.000000  37.000000        2
 53.000000  38.000000        2
 53.000000  39.000000        2
 53.000000  40.000000        2
 53.000000  41.000000        2
 53.000000  42.000000        2
 53.000000  43.000000        2
 54.000000  37.000000        2
 54.000000  38.000000        2
 54.000000  39.000000        2
 54.000000  40.000000        2
 54.000000  41.000000        2
 54.000000  42.000000        2
 54.000000  43.000000        2
 55.000000  37.000000        2
 55.000000  38.000000        2
 55.000000  39.000000        2
 55.000000  40.000000        2
 55.000000  41.000000        2
 55.000000  42.000000        2
 55.000000  43.000000        2
 56.000000  37.000000        1
 56.000000  38.000000        1
 56.000000  39.000000        1
 56.000000  40.000000        1
 56.000000  41.000000        1
 56.000000  42.000000        1
 56.000000  43.000000        1
 57.000000  37.000000        1
 57.000000  38.000000        1
 57.000000  39.000000        1
 57.000000  40.000000        1
 57.000000  41.000000        1
 57.000000  42.000000        1
 57.000000  43.000000        1
 58.000000  37.000000        1
 58.000000  38.000000        1
 58.000000  39.000000        1
 58.000000  40.000000        1
 58.000000  41.000000        1
 58.000000  42.000000        1
 58.000000  43.000000        1
 59.000000  37.000000        1
 59.000000  38.000000        1
 59.000000  39.000000        1
 59.000000  40.000000        1
 59.000000  41.000000        1
 59.000000  42.000000        1
 59.000000  43.000000        1
 60.000000  38.000000        1
 60.000000  39.000000        1
 60.000000  40.000000        1
 60.000000  41.000000        1
 60.000000  42.000000        1
 60.000000  43.000000        1
 61.000000  39.000000        1
 61.000000  40.000000        1
 61.000000  41.000000        1
 61.000000  42.000000        1
 61.000000  43.000000        1
 62.000000  39.000000        0
 62.000000  40.000000        0
 62.000000  41.000000        0
 62.000000  42.000000        0
 62.000000  43.000000        0
 63.000000  39.000000        0
 63.000000  40.000000        0
 63.000000  41.000000        0
 63.000000  42.000000        0
 63.000000  43.000000        0
 64.000000  38.000000        0
 64.000000  39.000000        0
 64.000000  40.000000        0
 64.000000  41.000000        0
 64.000000  42.000000        0
 64.000000  43.000000        0
 65.000000  38.000000        0
 65.000000  39.000000        0
 65.000000  40.000000        0
 65.000000  41.000000        0
 65.000000  42.000000        0
 65.000000  43.000000        0
 65.000000  44.000000        0
 66.000000  38.000000        0
 66.000000  39.000000        0
 66.000000  40.000000        0
 66.000000  41.000000        0
 66.000000  42.000000        0
 66.000000  43.000000        0
 66.000000  44.000000        0
 67.000000  38.000000        0
 67.000000  39.000000        0
 67.000000  40.000000        0
 67.000000  41.000000        0
 67.000000  42.000000        0
 67.000000  43.000000        0
 67.000000  44.000000        0
 68.000000  38.000000        0
 68.000000  39.000000        0
 68.000000  40.000000        0
 68.000000  41.000000        0
 68.000000  42.000000        0
 68.000000  43.000000        0
 68.000000  44.000000        0
 69.000000  39.000000        0
 69.000000  40.000000        0
 69.000000  41.000000        0
 69.000000  42.000000        0
 69.000000  43.000000        0
 88.000000  43.000000       11
 89.000000  40.000000       11
 89.000000  41.000000       11
 89.000000  42.000000       11
 89.000000  43.000000       11
 89.000000  44.000000       11
 89.000000  45.000000       11
 90.000000  39.000000       11
 90.000000  40.000000       11
 90.000000  41.000000       11
 90.000000  42.000000       11
 90.000000  43.000000       11
 90.000000  44.000000       11
 90.000000  45.000000       11
 91.000000  38.000000       12
 91.000000  39.000000       11
 91.000000  40.000000       11
 91.000000  41.000000       11
 91.000000  42.000000       11
 91.000000  43.000000       11
 91.000000  44.000000       11
 91.000000  45.000000       11
 91.000000  46.000000       11
 92.000000  37.000000       12
 92.000000  38.000000       12
 92.000000  39.000000       12
 92.000000  40.000000       11
 92.000000  41.000000       11
 92.000000  42.000000       11
 92.000000  43.000000       11
 92.000000  44.000000       11
 92.000000  45.000000       11
 92.000000  46.000000       11
 93.000000  37.000000       12
 93.000000  38.000000       12
 93.000000  39.000000       12
 93.000000  40.000000       12
 93.000000  41.000000       11
 93.000000  42.000000       11
 93.000000  43.000000       11
 93.000000  44.000000       11
 93.000000  45.000000       11
 93.000000  46.000000       11
 94.000000  37.000000       12
 94.000000  38.000000       12
 94.000000  39.000000       12
 94.000000  40.000000       12
 94.000000  41.000000       12
 94.000000  42.000000       13
 94.000000  43.000000       13
 94.000000  44.000000       13
 94.000000  45.000000       13
 94.000000  46.000000       13
 95.000000  37.000000       12
 95.000000  38.000000       12
 95.000000  39.000000       12
 95.000000  40.000000       12
 95.000000  41.000000       12
 95.000000  42.000000       13
 95.000000  43.000000       13
 95.000000  44.000000       13
 95.000000  45.000000       13
 95.000000  46.000000       13
 96.000000  37.000000       12
 96.000000  38.000000       12
 96.000000  39.000000       12
 96.000000  40.000000       12
 96.000000  41.000000       12
 96.000000  42.000000       13
 96.000000  43.000000       13
 96.000000  44.000000       13
 96.000000  45.000000       13
 96.000000  46.000000       13
 97.000000  37.000000       12
 97.000000  38.000000       12
 97.000000  39.000000       12
 97.000000  40.000000       12
 97.000000  41.000000       13
 97.000000  42.000000       13
 97.000000  43.000000       13
 97.000000  44.000000       13
 97.000000  45.000000       13
 98.000000  38.000000       12
 98.000000  39.000000       12
 98.000000  40.000000       12
 98.000000  41.000000       13
 98.000000  42.000000       13
 98.000000  43.000000       13
 98.000000  44.000000       13
 99.000000  38.000000       12
 99.000000  39.000000       12
 99.000000  40.000000       12
 99.000000  41.000000       13
 99.000000  42.000000       13
 99.000000  43.000000       13
100.000000  39.000000       12
100.000000  40.000000       12
100.000000  41.000000       13
100.000000  42.000000       13
