# p q signal noise
24 32 2.936e-19 9.235e-20
24 33 2.915e-19 9.235e-20
25 31 3.990e-19 9.235e-20
25 32 2.936e-19 9.235e-20
25 33 2.915e-19 9.235e-20
25 34 3.047e-19 9.235e-20
26 30 3.690e-19 9.235e-20
26 31 4.148e-19 9.235e-20
26 32 4.160e-19 9.235e-20
26 33 2.426e-19 9.235e-20
26 34 2.567e-19 9.235e-20
27 30 3.690e-19 9.235e-20
27 31 4.148e-19 9.235e-20
27 32 4.160e-19 9.235e-20
27 33 2.426e-19 9.235e-20
27 34 2.567e-19 9.235e-20
27 35 3.070e-19 9.235e-20
28 30 3.197e-19 9.235e-20
28 31 3.671e-19 9.235e-20
28 32 4.194e-19 9.235e-20
28 33 3.142e-19 9.235e-20
28 34 2.169e-19 9.235e-20
28 35 3.332e-19 9.235e-20
28 36 3.046e-19 9.235e-20
29 31 3.671e-19 9.235e-20
29 32 4.194e-19 9.235e-20
29 33 3.142e-19 9.235e-20
29 34 2.169e-19 9.235e-20
29 35 3.332e-19 9.235e-20
29 36 3.046e-19 9.235e-20
29 37 1.987e-19 9.235e-20
30 31 3.164e-19 9.235e-20
30 32 3.456e-19 9.235e-20
30 33 2.118e-19 9.235e-20
30 34 3.837e-19 9.235e-20
30 35 3.187e-19 9.235e-20
30 36 2.870e-19 9.235e-20
30 37 3.779e-19 9.235e-20
30 38 3.459e-19 9.235e-20
30 39 2.870e-19 9.235e-20
31 31 3.164e-19 9.235e-20
31 32 3.456e-19 9.235e-20
31 33 2.118e-19 9.235e-20
31 34 3.837e-19 9.235e-20
31 35 3.187e-19 9.235e-20
31 36 2.870e-19 9.235e-20
31 37 3.779e-19 9.235e-20
31 38 3.459e-19 9.235e-20
31 39 2.870e-19 9.235e-20
31 40 2.155e-19 9.235e-20
32 31 3.211e-19 9.235e-20
32 32 2.670e-19 9.235e-20
32 33 3.933e-19 9.235e-20
32 34 4.649e-19 9.235e-20
32 35 4.516e-19 9.235e-20
32 36 5.306e-19 9.235e-20
32 37 4.867e-19 9.235e-20
32 38 4.673e-19 9.235e-20
32 39 4.203e-19 9.235e-20
32 40 3.434e-19 9.235e-20
33 31 3.211e-19 9.235e-20
33 32 2.670e-19 9.235e-20
33 33 3.933e-19 9.235e-20
33 34 4.649e-19 9.235e-20
33 35 4.516e-19 9.235e-20
33 36 5.306e-19 9.235e-20
33 37 4.867e-19 9.235e-20
33 38 4.673e-19 9.235e-20
33 39 4.203e-19 9.235e-20
33 40 3.434e-19 9.235e-20
34 31 3.476e-19 9.235e-20
34 32 3.873e-19 9.235e-20
34 33 3.416e-19 9.235e-20
34 34 5.141e-19 9.235e-20
34 35 4.491e-19 9.235e-20
34 36 4.261e-19 9.235e-20
34 37 4.103e-19 9.235e-20
34 38 3.401e-19 9.235e-20
34 39 2.859e-19 9.235e-20
34 40 2.261e-19 9.235e-20
35 31 3.476e-19 9.235e-20
35 32 3.873e-19 9.235e-20
35 33 3.416e-19 9.235e-20
35 34 5.141e-19 9.235e-20
35 35 4.491e-19 9.235e-20
35 36 4.261e-19 9.235e-20
35 37 4.103e-19 9.235e-20
35 38 3.401e-19 9.235e-20
35 39 2.859e-19 9.235e-20
35 40 2.261e-19 9.235e-20
36 31 4.035e-19 9.235e-20
36 32 4.386e-19 9.235e-20
36 33 4.930e-19 9.235e-20
36 34 5.542e-19 9.235e-20
36 35 4.619e-19 9.235e-20
36 36 5.658e-19 9.235e-20
36 37 4.345e-19 9.235e-20
36 38 4.748e-19 9.235e-20
36 39 3.881e-19 9.235e-20
36 40 2.713e-19 9.235e-20
37 31 4.035e-19 9.235e-20
37 32 4.386e-19 9.235e-20
37 33 4.930e-19 9.235e-20
37 34 5.542e-19 9.235e-20
37 35 4.619e-19 9.235e-20
37 36 5.658e-19 9.235e-20
37 37 4.345e-19 9.235e-20
37 38 4.748e-19 9.235e-20
37 39 3.881e-19 9.235e-20
37 40 2.713e-19 9.235e-20
38 31 2.674e-19 9.235e-20
38 32 3.244e-19 9.235e-20
38 33 3.769e-19 9.235e-20
38 34 4.444e-19 9.235e-20
38 35 4.773e-19 9.235e-20
38 36 4.602e-19 9.235e-20
38 37 4.960e-19 9.235e-20
38 38 3.987e-19 9.235e-20
38 39 4.056e-19 9.235e-20
38 40 3.931e-19 9.235e-20
38 41 2.584e-19 9.235e-20
39 32 3.244e-19 9.235e-20
39 33 3.769e-19 9.235e-20
39 34 4.444e-19 9.235e-20
39 35 4.773e-19 9.235e-20
39 36 4.602e-19 9.235e-20
39 37 4.960e-19 9.235e-20
39 38 3.987e-19 9.235e-20
39 39 4.056e-19 9.235e-20
39 40 3.931e-19 9.235e-20
39 41 2.584e-19 9.235e-20
40 33 2.709e-19 9.235e-20
40 34 3.356e-19 9.235e-20
40 35 4.514e-19 9.235e-20
40 36 5.386e-19 9.235e-20
40 37 4.590e-19 9.235e-20
40 38 3.766e-19 9.235e-20
40 39 4.402e-19 9.235e-20
40 40 4.277e-19 9.235e-20
40 41 3.156e-19 9.235e-20
41 34 3.356e-19 9.235e-20
41 35 4.514e-19 9.235e-20
41 36 5.386e-19 9.235e-20
41 37 4.590e-19 9.235e-20
41 38 3.766e-19 9.235e-20
41 39 4.402e-19 9.235e-20
41 40 4.277e-19 9.235e-20
41 41 3.156e-19 9.235e-20
42 35 2.400e-19 9.235e-20
42 36 3.024e-19 9.235e-20
42 37 3.380e-19 9.235e-20
42 38 5.029e-19 9.235e-20
42 39 3.962e-19 9.235e-20
42 40 3.583e-19 9.235e-20
42 41 4.213e-19 9.235e-20
43 36 3.024e-19 9.235e-20
43 37 3.380e-19 9.235e-20
43 38 5.029e-19 9.235e-20
43 39 3.962e-19 9.235e-20
43 40 3.583e-19 9.235e-20
43 41 4.213e-19 9.235e-20
43 42 3.146e-19 9.235e-20
44 37 2.056e-19 9.235e-20
44 38 1.595e-19 9.235e-20
44 39 3.275e-19 9.235e-20
44 40 3.238e-19 9.235e-20
44 41 3.441e-19 9.235e-20
44 42 2.794e-19 9.235e-20
45 37 2.056e-19 9.235e-20
45 38 1.595e-19 9.235e-20
45 39 3.275e-19 9.235e-20
45 40 3.238e-19 9.235e-20
45 41 3.441e-19 9.235e-20
45 42 2.794e-19 9.235e-20
46 37 3.474e-19 9.235e-20
46 38 3.203e-19 9.235e-20
46 39 4.196e-19 9.235e-20
46 40 3.824e-19 9.235e-20
46 41 4.203e-19 9.235e-20
46 42 3.675e-19 9.235e-20
47 37 3.474e-19 9.235e-20
47 38 3.203e-19 9.235e-20
47 39 4.196e-19 9.235e-20
47 40 3.824e-19 9.235e-20
47 41 4.203e-19 9.235e-20
47 42 3.675e-19 9.235e-20
48 37 3.616e-19 9.235e-20
48 38 2.566e-19 9.235e-20
48 39 2.755e-19 9.235e-20
48 40 3.620e-19 9.235e-20
48 41 3.905e-19 9.235e-20
49 38 2.566e-19 9.235e-20
49 39 2.755e-19 9.235e-20
49 40 3.620e-19 9.235e-20
49 41 3.905e-19 9.235e-20
49 42 2.002e-19 9.235e-20
50 38 3.674e-19 9.235e-20
50 39 3.734e-19 9.235e-20
50 40 3.164e-19 9.235e-20
50 41 2.724e-19 9.235e-20
50 42 2.781e-19 9.235e-20
51 38 3.674e-19 9.235e-20
51 39 3.734e-19 9.235e-20
51 40 3.164e-19 9.235e-20
51 41 2.724e-19 9.235e-20
51 42 2.781e-19 9.235e-20
52 37 3.584e-19 9.235e-20
52 38 3.585e-19 9.235e-20
52 39 3.360e-19 9.235e-20
52 40 3.689e-19 9.235e-20
52 41 3.281e-19 9.235e-20
52 42 4.142e-19 9.235e-20
52 43 4.129e-19 9.235e-20
53 37 3.584e-19 9.235e-20
53 38 3.585e-19 9.235e-20
53 39 3.360e-19 9.235e-20
53 40 3.689e-19 9.235e-20
53 41 3.281e-19 9.235e-20
53 42 4.142e-19 9.235e-20
53 43 4.129e-19 9.235e-20
54 37 2.708e-19 9.235e-20
54 38 2.912e-19 9.235e-20
54 39 4.733e-19 9.235e-20
54 40 4.791e-19 9.235e-20
54 41 4.756e-19 9.235e-20
54 42 3.646e-19 9.235e-20
54 43 3.454e-19 9.235e-20
55 37 2.708e-19 9.235e-20
55 38 2.912e-19 9.235e-20
55 39 4.733e-19 9.235e-20
55 40 4.791e-19 9.235e-20
55 41 4.756e-19 9.235e-20
55 42 3.646e-19 9.235e-20
55 43 3.454e-19 9.235e-20
56 37 3.254e-19 9.235e-20
56 38 3.881e-19 9.235e-20
56 39 4.289e-19 9.235e-20
56 40 4.723e-19 9.235e-20
56 41 3.318e-19 9.235e-20
56 42 3.279e-19 9.235e-20
56 43 2.462e-19 9.235e-20
57 37 3.254e-19 9.235e-20
57 38 3.881e-19 9.235e-20
57 39 4.289e-19 9.235e-20
57 40 4.723e-19 9.235e-20
57 41 3.318e-19 9.235e-20
57 42 3.279e-19 9.235e-20
57 43 2.462e-19 9.235e-20
58 37 2.784e-19 9.235e-20
58 38 3.916e-19 9.235e-20
58 39 3.489e-19 9.235e-20
58 40 3.903e-19 9.235e-20
58 41 3.974e-19 9.235e-20
58 42 3.362e-19 9.235e-20
58 43 3.123e-19 9.235e-20
59 37 2.784e-19 9.235e-20
59 38 3.916e-19 9.235e-20
59 39 3.489e-19 9.235e-20
59 40 3.903e-19 9.235e-20
59 41 3.974e-19 9.235e-20
59 42 3.362e-19 9.235e-20
59 43 3.123e-19 9.235e-20
60 38 2.362e-19 9.235e-20
60 39 3.046e-19 9.235e-20
60 40 3.272e-19 9.235e-20
60 41 3.908e-19 9.235e-20
60 42 4.113e-19 9.235e-20
60 43 2.633e-19 9.235e-20
61 39 3.046e-19 9.235e-20
61 40 3.272e-19 9.235e-20
61 41 3.908e-19 9.235e-20
61 42 4.113e-19 9.235e-20
61 43 2.633e-19 9.235e-20
62 39 2.062e-19 9.235e-20
62 40 2.635e-19 9.235e-20
62 41 2.631e-19 9.235e-20
62 42 2.842e-19 9.235e-20
62 43 3.060e-19 9.235e-20
63 39 2.062e-19 9.235e-20
63 40 2.635e-19 9.235e-20
63 41 2.631e-19 9.235e-20
63 42 2.842e-19 9.235e-20
63 43 3.060e-19 9.235e-20
64 38 3.572e-19 9.235e-20
64 39 2.035e-19 9.235e-20
64 40 4.416e-19 9.235e-20
64 41 3.523e-19 9.235e-20
64 42 3.167e-19 9.235e-20
64 43 2.748e-19 9.235e-20
65 38 3.572e-19 9.235e-20
65 39 2.035e-19 9.235e-20
65 40 4.416e-19 9.235e-20
65 41 3.523e-19 9.235e-20
65 42 3.167e-19 9.235e-20
65 43 2.748e-19 9.235e-20
65 44 3.412e-19 9.235e-20
66 38 2.525e-19 9.235e-20
66 39 6.737e-19 9.235e-20
66 40 3.903e-19 9.235e-20
66 41 4.125e-19 9.235e-20
66 42 2.479e-19 9.235e-20
66 43 4.471e-19 9.235e-20
66 44 3.308e-19 9.235e-20
67 38 2.525e-19 9.235e-20
67 39 6.737e-19 9.235e-20
67 40 3.903e-19 9.235e-20
67 41 4.125e-19 9.235e-20
67 42 2.479e-19 9.235e-20
67 43 4.471e-19 9.235e-20
67 44 3.308e-19 9.235e-20
68 38 3.083e-19 9.235e-20
68 39 2.682e-19 9.235e-20
68 40 3.361e-19 9.235e-20
68 41 3.821e-19 9.235e-20
68 42 4.151e-19 9.235e-20
68 43 3.412e-19 9.235e-20
68 44 3.525e-19 9.235e-20
69 39 2.682e-19 9.235e-20
69 40 3.361e-19 9.235e-20
69 41 3.821e-19 9.235e-20
69 42 4.151e-19 9.235e-20
69 43 3.412e-19 9.235e-20
88 43 2.848e-19 9.235e-20
89 40 2.318e-19 9.235e-20
89 41 2.130e-19 9.235e-20
89 42 2.986e-19 9.235e-20
89 43 2.848e-19 9.235e-20
89 44 2.284e-19 9.235e-20
89 45 2.507e-19 9.235e-20
90 39 4.657e-19 9.235e-20
90 40 2.928e-19 9.235e-20
90 41 3.354e-19 9.235e-20
90 42 3.499e-19 9.235e-20
90 43 4.015e-19 9.235e-20
90 44 4.443e-19 9.235e-20
90 45 3.533e-19 9.235e-20
91 38 3.222e-19 9.235e-20
91 39 4.657e-19 9.235e-20
91 40 2.928e-19 9.235e-20
91 41 3.354e-19 9.235e-20
91 42 3.499e-19 9.235e-20
91 43 4.015e-19 9.235e-20
91 44 4.443e-19 9.235e-20
91 45 3.533e-19 9.235e-20
91 46 2.930e-19 9.235e-20
92 37 2.483e-19 9.235e-20
92 38 3.096e-19 9.235e-20
92 39 3.842e-19 9.235e-20
92 40 4.883e-19 9.235e-20
92 41 3.604e-19 9.235e-20
92 42 5.505e-19 9.235e-20
92 43 4.120e-19 9.235e-20
92 44 4.113e-19 9.235e-20
92 45 2.912e-19 9.235e-20
92 46 3.203e-19 9.235e-20
93 37 2.483e-19 9.235e-20
93 38 3.096e-19 9.235e-20
93 39 3.842e-19 9.235e-20
93 40 4.883e-19 9.235e-20
93 41 3.604e-19 9.235e-20
93 42 5.505e-19 9.235e-20
93 43 4.120e-19 9.235e-20
93 44 4.113e-19 9.235e-20
93 45 2.912e-19 9.235e-20
93 46 3.203e-19 9.235e-20
94 37 4.329e-19 9.235e-20
94 38 4.436e-19 9.235e-20
94 39 5.195e-19 9.235e-20
94 40 3.696e-19 9.235e-20
94 41 5.348e-19 9.235e-20
94 42 4.993e-19 9.235e-20
94 43 5.225e-19 9.235e-20
94 44 3.749e-19 9.235e-20
94 45 4.235e-19 9.235e-20
94 46 2.392e-19 9.235e-20
95 37 4.329e-19 9.235e-20
95 38 4.436e-19 9.235e-20
95 39 5.195e-19 9.235e-20
95 40 3.696e-19 9.235e-20
95 41 5.348e-19 9.235e-20
95 42 4.993e-19 9.235e-20
95 43 5.225e-19 9.235e-20
95 44 3.749e-19 9.235e-20
95 45 4.235e-19 9.235e-20
95 46 2.392e-19 9.235e-20
96 37 4.278e-19 9.235e-20
96 38 3.318e-19 9.235e-20
96 39 4.185e-19 9.235e-20
96 40 3.194e-19 9.235e-20
96 41 3.793e-19 9.235e-20
96 42 4.214e-19 9.235e-20
96 43 4.302e-19 9.235e-20
96 44 2.797e-19 9.235e-20
96 45 4.415e-19 9.235e-20
96 46 2.940e-19 9.235e-20
97 37 4.278e-19 9.235e-20
97 38 3.318e-19 9.235e-20
97 39 4.185e-19 9.235e-20
97 40 3.194e-19 9.235e-20
97 41 3.793e-19 9.235e-20
97 42 4.214e-19 9.235e-20
97 43 4.302e-19 9.235e-20
97 44 2.797e-19 9.235e-20
97 45 4.415e-19 9.235e-20
98 38 2.640e-19 9.235e-20
98 39 3.047e-19 9.235e-20
98 40 3.111e-19 9.235e-20
98 41 3.986e-19 9.235e-20
98 42 3.451e-19 9.235e-20
98 43 3.678e-19 9.235e-20
98 44 1.383e-19 9.235e-20
99 38 2.640e-19 9.235e-20
99 39 3.047e-19 9.235e-20
99 40 3.111e-19 9.235e-20
99 41 3.986e-19 9.235e-20
99 42 3.451e-19 9.235e-20
99 43 3.678e-19 9.235e-20
100 39 3.175e-19 9.235e-20
100 40 3.510e-19 9.235e-20
100 41 3.088e-19 9.235e-20
100 42 2.872e-19 9.235e-20
